222333434344454656656666666767000001001112221
222233243444345445666566666676607000010111121
2232334343454555556566666767607000011101212121
233233434444445555665666666676700001100101111221
23311223344344344544565465656676677700000100101011
2324344444444446565656566666670000100101101121221
22223232343343444444565656665666667677000000100101111
223445322222323234343444565666666656667666776700000101011111
22232333434444455456556666666666760000011010111111
22222334343444344544565666656666766670000010101101111
22222233434444444545566665666676700000001101111
22222233434444545556566666666770710010111121
2331022324354344445556656666666766007000101111221
222232434444445545656666600000010010100
224322434444454556566676607000001011121
222323344544455556656676670000010111121
2233444444445455566666707001001101111
22232334444445556656666667000001101111
223222324445445555656666667000010101111
224334444544545566666070000010110121
2233344444545465665676670000101011211
2334444454555466666600000011102111
22324434344454455465565656665666667607000000100111221221211221
222222224443444454455565656666666667607000000101121212221
22222222244444444454555656566666677000000010111211
2232234444444554654565566666700000000110111121
222223443344554565566566670000000111011
2222233344445445656566666600701010002110
22232434434454545655665656666677000010101011212121
22222232444444455456566566666770000110121011
234444345445444555656666770000001001110212121
222243444444444455566656676670000001011102121
223234434454445456566666667071000101011121
23432223344444545565656666676700001000111111
222223343444432665555656666666000000010110021
2222222222233343443444544545656565666667666767670770700000001112222221
233222222232233434344444445445456566566666766767770700000000001010111
232222332333434344444454454656566666666667676767777000000000111111222221
23122323233334344444454455546566666767670700070001000100101
22232232334343434444444544555666666667676777070700000001010221211
222222223223343344344444445455565675666766770770007100000101010
2232232232334434444454454555565666666676777000700000010010111221
222222223332434434434454455656665676676707007000000100011
2322232333343443444445454566656766676776007000000000071012221
2223223223334343434444444444544556566666666766770700070000100000170001121
23223233343433443444444454565566566666767777000700000100001000012221
23222222222323333443434444444446545565666666666766770770000000710000001011
222322343344445545656566656667670700100101211121
231332234344444454555665666666667660760000000111021212221
222232234344444455565666666666760770000111121221
22344344454445555666666070700101012102121
22243444444454556666677701001102111
223445344445555666666670000001021211221
2232323543454555656666666667670000011211212221
2222234434445445546665666666770000011111121
22222223233444444545655656665666767710000001012111
222322233444444445455655665666766770000000011112111
2224322233534444446555666665676677070170110211121
22222234344444444545556666676070700010101011
22443334443444445545556566666677070700100101011112121
222344434443444545455465566566667670070000100101111112121
222453444444444545545655656566666770000101011012111112111
2344434344344434445454555565566666770000001000010110010110111
22345434444454444454545456566666707000000101010110111111
2233443444444445444545546546566566667670700100100102101110111111
22434435354445354454655565666666077000100100111111021121
22222235444435444454555656666667700000001011011211
2235434344444544454555656666666770000000010111110211221
23344434434444445444565665666767700000001010101011121
2243444353444544444546556666667700000010010101102111
2223465543444444454455556565666670700001001011111112111
2244544444445444546545656666070000010011101112111
22244654343444445455565566666667070010011011110122211
23223344444544544455565566666767707000101011101121221
22324334434444445455565656766676070000110111111010
232343443444444454455556656666676077001010101111111001
2232232334344434445445465556566667670707001000176001112101
232234334444444444455656666676607700007760101021121221
222232434444444444565455656666676767000000111211101021
22222334343444444445445656666676700701000100000110
22245443434444444445656565667667607000101011102101121
22333324334344444445546565665667667707007001001010101121
222434443444444444445566666667670000000010110122100
2222223334444434544545445556566770700000000176700011121
2223334534443544454454556566666767000000010111101000021
223222334344444344545555566566566666767070001000101101211111
222224334544454454555465556566665677700000111110111111121
222232343444444454554555655665666666666700000011101011021111121
222334344444444554546556565656666660071001101011100111111
222223324344444545556566566667700000010011111
222233344434544445545465665676667700700100110111111
223343444444545546565665666767000071010221002112121
222331223244467544444454454545556556656666666070001010210112102110000110
2335343444454455465656667667707101001111211211
22323333444344454555656566656666766770000000001102111222211
22223434444454545565566676607000001111022101
32122222433443445445455656566566666667700000010210111111
222222332334344444445454656566656666667670700001001010101121
2233233343434444455565565666666767770007001001011122121
22431133434444445445455556656656666666677000000010021012111211221
223233344344554555556566666666770700011001111212121
2233334344444444544654466656666666676607700700001010112121222211
222334344343445455655665666666767700000001001112122221
222322434444444544454556556566656666667677070000000111102122112222211
2222232233434444445455565665666566666567070001000110102111211
22232344444444544455456566566666677070000100101121211211
233444444344444545665666666667660700010001011211212221
22222222223434444444445456565666656667667600071000010111211
23233334344444545555665666666676707000001001121121211
22233444334444455565656656666767070010010111112121
2222222232446543244454565566656656667670000001001112121
2222222344433244444454665565666566666666070000000010101112221
2223333344444545565656566566676700001001110112111
22334544344454465556665666600700010010121012121
232443244344454455565765666666760170014434323213121221010000076666756655656001112112221
2222233232433443445455656656666566667666707000000210012121121
2222233243343444454554565665665666676700700010001010121211
2222222232434344345453565465656656665666666670000000100102101211210
22222222244443443444445455655656666666707000001000102110001
222232343344444444455556565666666666677700000100101112211211
222332232434444345444555556665656667667070000000101001111121
2222233444344444444555665666666667670070000101021112121
22322323233434444454555665666766767007010001010101
23432323333444444555665666666677670000100101010211
2223323233343444444555665666666766776000000001110111
