2344444444534555666001010010000001
22444444545454456600001010100010
2344444545445545666010110010100001
2234454454544544545444544466071071000010010010100101
22434454544544454545666000110010001010010
2244444444454544544454544555600001100100017110010000010
2434454445445545454546600000101010110001001
22444444554545454454654546660010101010101011010010
243445445444454545455454455670000101010100101100101001
22434545454554554545445666710101010101101011010
234444454454545454455466700101001001010110010
22434545445545545545456600000110101101011001
234445445454545454566001000110010101010
2344444544444445346670000001000000001
235345444544455610071000100001
234445454455466000100110100
223244444544545454445660000101001000176001
22445444445444544560000000000100101
234445445445545454555600010101001101000101
234444445445545454545600000101010101000001
22444445454545455546601001011001001100
23454545454454544660000001101001011
224445455455556000110101101
2344444445444534666000001000000001
223454545446544546600001011010100
23444444544454454660000010100000100
234444454454445670001001010701
23444444444454544545660001010100010070001
222444444544443224546567000000000000000
2244444445445444345446660000000010710100100
22444444444444444560071070010000000
224354454445445544660000101000100100
22434444444445446600001000070000
234444544454444466000000000100001
223444454454555455556701110111101000170
223443434444434444444660700070000070007000
23434443434443444434660700700700070007000
222434343443444434444446670000700070007077000
2444443444444444444434444546607000000000000000000000001
2234343434444444443444444346667000000070000700007000070
22343443444443444344456600700000070700007000
2233434434344434444354670700070070070770000
22443443444444444444446607000000000000700710
2244344434434444344445670700000700007007001
243444344443444444444444566000000000000700000707011
2244434344444344444446600007000070076000001
22443444344444443444444444444666007000001070000000700000000
2344443434443443443444444435467070000070007007000700700001
2445454544545446601001010010110
2445554554454554544446600001010011010110111
24444544545454554661000110010101001
2224455546544554545444556600010101010110101110
234545465455545465454534656670101011101101172110111
243545444545345670010000101001
224456555554555455446600100111011111111
224545454545544454456701010001011010101
24454454445454454456700110001010100101
2444454554544545444546600100100101010011010
23555545454544554544660010010101100111011
24454544546007101011
24445545455545554667011101110111011
24445455454555455456700110111011011101
23444454444445444556071000010001000100
2434454455445454544545567001001101001100010101
22444545454545454554666010101011001101001
24444445454454454544545660001100100110010000101
2344445444454454544544546670010001100010010100010
2434545455454555465454654660001110111011101011010
22445445545455455545554566600111011101101021010110
234444544544544544544544454566000001000101010010010010001
2244444544545445544545454466700100101010100110010010
234454454454544545545600010011010010100100
22445455454545455454655600101110110101010101
22434444444454444544456607010001000000100000
2224554544544454454544566600010100100101001011
22445455444454454454354666000001000100100100111
2244544545454554445445456600000100011010011001021
2222355554554454445445456670100010010100101101
2344454544554454554454666000010100101101001101
2224445445445445544545466600010001010100110100
2224445444545445454454455445455660000100110010011001010010010
223454454545544544545445455660000100011001010110011010
2244445444545544544545456660001010010011010011010
2344444454445544454445666000001001010100010100
224354444445445454445444466600000100010010001000001
2344544544545445445560000101010001010010
24445455545554555455455670101101101101101102111
22244545554554554554466000001110101110110
23444454454454545455454446700000101101010100100001
2324444545454545545453266607000101101011000100
22344554554554455454666000110011001110110
22434454545454455454556600001011001010100101
233446555554555545554555556617210101110110210111011101
2344554544554545556600011101010110101
23445454554555546554560701111110111010110
243545555465555546566661101111111111111
2434454545454554545554667000211010101101100110
23444544444444544544660000010000100000100
2244454444545444454466000010001000100100
22445454554545545454456670101011011011010110
2444454454444544444456600000100001000100011
24444544445444454445454660010010010010000001001
24444444544544445445454445444667001001010001001000100001001
2244445445444445444545466000001000010100001001
23445444445444545444544545444667010001001001010001010000010
24444445445444544454454444667001001000001010010000101
244444544545445445455600100101001001010001
244445444544544544545454444566000100100100101010000101001
2345434544454445444544454666010001000100010001710001
224444444454443446567000001000000001
22444445444444446670000000010001
222444445453444533656601007217000000000
2344444454444434444465600007000000000010001
2243454444534544444444445466700010000001007100001000
2344444444454443444560700000001700000100
2224444444535354444344656600000000001000000000
22244344444444444444445670000000000000071700
2224445444454434444660000000000000000
224443534453444444660000000000000700
22444445444444444444444560700000010000000100000
22443444444453444444446600000000007000000000
2345444454454446600001000010001
24344454445444535660000010100010000
23444454445444660000100010000
2244445444544545445466000101010010001000
2244444454455445455444566001001010101001100000
22444544554454554560001010101001100
23454544545455445660010101011010001
2345445544554465600011011001010
2344454545455454666001101110100117
2444454454545546600101010100101
2444454545455455454660010021010110010101
22444454454554555456601011101011000100
2444454454654545466000111011010010
223454455445455445455466601100110100101010001
2244465445545455545554554660011010111011010101011
23545454655554555555456600111110111111011101
234454454555455455545566010101011101110010101
22445555555456555555555545560010110111110211111111111
244445554655455546544555656000002111111102101110111
222355654545445554544366545566000217112100101010100111
234544554545454555454566000110101011001011011
2355546546545554555454556000110110102101021011121
2245545545455454545556545660101110110101101101111
23535565465445544554544456600001017110101011011121
22234665454555455545555545453224556567700101011011101111011101101
22244465445455454545454556670011000211000101101210
223454545545454554545667011010100110010111
2223555555544554545454555660001101001101010210217211
23454455544545545554545556717110111011010101101011
22345544454455445455445666710110100110010017111
2244455445455454554545556600011011010117210110011
22244455445455455544555600001011011010110100
22244454454554454545454546660010751210101001110001010
224536555455545454565445666071101021010210102110211
2224454545445454545445566601001010101001110001
2224545454454544555454555600072101101011711001011
234544545544545544545545455666610101011010101101010101011
2224444544554545454545545545566600101101101011010011001001
22244445545454545455455545455556666610110210111101010101101011010
2224354545545455454554545445545556666001011011011001011011011011001
22444554455454545454455545455455545466660111010111010110100110110100111001
2335454546544555455545454555454545544666660010101011100110101021010210110110111
23254544554545455456666611011011011010101
22244455445545454654454554455545455454666600110011021001101001110110110011010
22444544545455445545545455454554554546566001011011011011010110101101010101001
223454545554555455545554554555454555666610110111010111011011011110110110210
224444545544555454554544554454660010010110100110110101011000
22444454545545455454554545666010101101011011010110001
244454455444454554454554444466000001001100101001010011001
244455554555545554666610111111011101111
2244444535455445544545545454554466001001101010101010751001002100101
223555454544545545554555661011011011001011001011
244355445455445545446545443466600000101010110011010010011
234544545554555454666610111101110101001
2244454454554545545454654554555545566721011110101111010110101011010100
234445545455455545465545555545453223655677000010101110110210111111011001100
224445454545454445660000100100110101
22444445445445456600001100100100
222454454545545454560000010101011010
222344444445444444567700000010000000
222345444433266655444556667010010000110001
233444445445454356544656670010011001000100101
22343454445344655355566770110711000101001
22344444444454344545454657576001010000100001001001
24454545445445445600010000101010021
23345444545454545456707100101010101010
223454445445545446567701100101010101
23344454454545445466670100101001001010
2433454454544554666000010100710111
2454454455544666001011101011
244545545455446600010110102101
2244654444545456000101001001
2544545545454454545445556010010110171100101011021
224544545445465445455454560001010101001110100011
2254544455545545600010101171111
24445545545454555466000210110101011101
225465455555566002110112111
2445455454445555560011011711010111
244454554555455600101110101110
2246544545455546546600111011100111
2244444454444544544466010000001010000000
22444545454455445460000101010100100
244445445454544554466010011001001010001
2454445454544544554454560010010101010010101001
234454454545453466000010010101000
24445454544544544543466601000010010010010110
244444544454544454445466010001001000010100001
2344544454545445454444560000100010010001101000
22444545445445454560100100100101071
23445445454454455356701001100010110071
224445544454454544456000010010010100010
244554454554545455454553466660102100101101101001110101
224454454545454544545661010001010101010001
234444454444544670000000010001
222354544445444456670001001001000
24345444545446701000100010
224444555444546700010010101
2325454555445544566001010101011010
243444454444444544466000000010000001000
23454454444454544660001001001000100
2234445454444566000010010000
224444444454444444667000010000010000
2344445445455465600000111000101
224445454545454466600101010011010
24345545444554545456000010101001010110
22444454445445454445445444456600000001001075003310010010010010
24354444444444445454454545660010100100000100001000001
223454445445454545454454660000010101010101000010
2234444445445445444544443567600000010001001000100000
244444454454454445454466000001000010100100101
2224444444545454454545445444466600000100011001001101001700
22344354444444544545444344666000000000010001007001710
222444444444444444544443444456600070000000000001000000000
222444444544454454444445443456600000000000010000100000001
223443444444444544444444334466677000000000000000000000000
22344544544454454445445454546600001001100000100101000100
233554444444444444444444444466000070000000000000000000101
2444544555445455454545456600010010110101011011011
224545545555455454566701011011110110121
2244455555544546546536545656660011111101110112101011
222445544545454545454546544566701011011001011010011010
23544554545554554565454556660010102101111011102101011
24455455465546545555555456660001111111021110121101121
22444445545455445553244665544566607001076222111010110101010101
22244465545545445455354555454656000002100011171111010110011
222445545545445445554554544566600100011110101001101021010
2224444555455355455545545465660000121001101101101011001
222444545455455455545455454666710110011101011011101010
2245454545455554555554566600110021012101101101111
2244434544456554454545455456660101101010100010100010021
224545454545544545454546660001010101010101101021
224444454545454545545445445466600001001100110101011001001
22344456544554454454543554445666601001010101000101010001011
244444545444544545454445666001000110010001010010021
2245444544545454454454546660001010001010101001011
22444545445445544555454545445445666001000101010110101101001010101
244444445445545454545445555670011010110010110010010101
24444445445454545545454546666001101011010110100010101
244445454454545455445545666601101011010110010011011
22245444544545454554544545566000100101010110100110010
2335465444545445445454454446667010001010010010101000111
22244443444444444344366770007000000000070
244344444444443434434677070070000000070001
234444454454344366770000000017101
224434544454544544545445455444660100001010010010100100001000
223444545454445554660001101001000010
24454554655445653555455454467701010111101021011011111
2244455455465532665356670002210011011101
22444545455467000110101
22444444546545445660021761011000011
24444545455555554466700110111101110021
22345444544544554467000100001100100
223444454454545545544554545366607100001101011010011010010
224445544445445454444566600010100100010100101
234444545444545445454445566000101010100101001000010
224445454545545455455355566710101021011010110101010
224455454555555555555456660011112110111111110101
2354544545455454555455434556566001001101011101110101000111
224445445544544554454554545454546700100101101011010010001100101
223445544555445545546545454355666000011010111011101100101010
2244554555454554545545466001010101101100111101
24444545454545545454455667011010110101101010101
2344544545454545454445467000000101100110010101
2244454454545454454346660000010010011001001
22454455445454544545454560000100101001010101011
223445445444544445454545660001100100001001000100
224445445445544544554660100010110010010100
2224445444445454445455445660001010010100010001000
2444445444454544545454560001001010010010010001
224444444445544454667100100000100001
2234545545544545566000101101011010
223444444544544445454545466600101010010010001000000
224445444454544545555660110101010100100100
2354445544454455454455560001010101001010100110
243544454455554554554554453446667000001011010110111011010101
2244454554565455555455554555453660701011011011101111110111101
2244444455454555554555545454607100011011101110101101010
22344454445454554545454545554554666710110110100110101101000110010
224454454454545454454455445455445455660101010100011010010100100101001011
224444445445454544554555454465455545455545566001021010011010021101101011010011010101000
22444445445454545455454554556600101010110101010101100100
223444545545555545455555455555544567701101102101101021011110111110010
22444444545555555555554654555446670101011111011110211110101100
2344544545455455454555455555460001010111010110110101011001
22544544545445454545454545456600101010010101010100101101
22345545455454555455545554660101011010101101101021010
224454445445660011710100
24444444544444661000000001000
22444454444444544460000010000001007
244455445445466000010101011
22444445444445445544465610001001001000100000
244444454454544566010101010000001
24454454545455545660111001110011001
23454545445455445660110011001010100
224454555445545454660001101011010110
2345454454545545456601010110101000110
224444445444545445456000101010001000000
244444545454454445466000101000101010010
23544454454544544545444660001001001010010101000
24444445445455554456000110101001100100
222344444544554545454544466700001101010110766010101
222444455445445544555446600001011001100101000
224435445445545554555445660001011101110010101000
224444544445545445465454555456600011101101011010100100001
2224445454545454454554545456000000110100101010011010
23434454455455545554444565556600010011110111011011007101
22245454555545544545544555466000001111010101011011110
224444444544545454554545456070100110101100100000101
23344544454445454544544545466760011100101010010000101000
224454444544545544545454545566601010101101001101000001011
22244465444445444554544554660001010101001001001000
22344546655544554545354455454566171101001001001010101102101
2444455445455545544466670101010211011010011
244445554554555455455670101101110111011101
224544554455545554546700101110111010101
23544545454454545454554456700100101011010101011001
22434545545554545554545460000010101110101110001
24445454544555545555660011101111011010011
222222224545545545454554670010101101011176666
24434554455454554545456600101010101101076612122100
22354544654554454554454670010010011010075602112121
22535454555455554555466000110111010210210101
22444454455455544544667010100102101000110
22445444444655445555554556660011101111101010101001
224444454454545554555553566600101011111110700110101
2244445455445445544566001010101000101010
23545445545454544454554660001001011001011010101
23545545544554544554656000117210101010111101
22454554555455454355655670110110101101111011
234455455455554554345456556700101011101101110101110
24444454554465445454545660010101017021011101001
2244544554455544554555454566000110101110110101011010
24445445454545454555454556700111011101001100110011
2244454444454554545544545556671101021010101100101000001
234454455454545545554455556600101110101101101101021000
224454545455445455456554554676101101110217111011011100
223545454454545455445455456701010110100100101011010
2244344444443444446660000007000000000
2345444544445544567001010010001001
23454454444454545607010021000001001
22444654544545445455444566701010101100100101011
23445544544545444445466600010010010100101001
224445444545545454660000110101100010
2224455545544454454456700010010101001011
234455455445444544454670000010010100110110
24444454544454545454454660000101001010101000101
2243544544454554466701010101001000
244444445445444544545600000001010010010010
23445454444544544444545660001001000100010010010
244454554454455600001010100111
2224433444435432445346666607001700170007000
2244444443444444444444446667000000000000007100001
23443444344444444444346666000700000000000700001
2234444343444444444444446667000000000007170700001
22344444344444444443444466660000000700000000700001
2334444443454444444444444444666700000000007107701001000001
223344434444534444444444444445667000000000000000700000000000
2345444434443534444444444444444466660000017000000000007001700000101
2243444444444443247544344344434444566700070000070007007072100075601310010
2334443444444444443444344443466667000000700000700000000000000
224443444444444434446666000000070000000001
2223543444445344444454443445656617000170100000000000000000
224443246544544454454466071010000010100000
24445445454545445566610101101010101001
234445444445445445455670101010010100001000
23345434444445444454325567000001000000170000000
24344465544454445454444545560000110001000101000100011
234444454454455444445455566000110110001001010100000
24444445454445445456000010100010001001
2434544545454554545456670110110101101000011
2343454545545454554544666000110100110101010001
22444445445544545545545666001101101011010010100
2244444545545455545455670011011011011001010
2444454444544545443454654555600011001010100100100001001
222445445544554554654566710011110110101100
224454545465455555544660001011102101111010
24445545554455554555660101101011101110111
2444445545454555455456600011011011101010101
22445445454545455455456600011101011010011010
2244454545454445554545456671010170102110110100110
22454454455445332266755554545467001000111010101010110
224454454454543456545444666000017011101100101010
22444454554455545345666710011101100101010
2244454455445445545455454656700111101010100110011010
22444455454455546555456660101111111001101010
2224545465554555555455546670210101111021010211110
23544545455545554554554660711010111101110111010
224444544544545466600010010101001
222444444545445454567000010101010000
224444544545454545455660010100101010100101
234454545545555555356660001110111101101101
224445455454555445466671001101011101011
2344545454454555454466600001101001101010021
234444544654455455670010102101001001
222444654455544454677001010101110
22444454454544555454554454456670010011010101101010100101
224445445454544554445466600010010100110101010
24353454454445454545354667000101010010010000101
22344554546545444654356770010101101000111
22244455444555545545466000101011101010010
22444444545454545455456670110101101001010100
223444554454554555436666001101010101001010
22444444545445454544545567001001010100101010010
22444444544554555454554666010101011010110000101
22353454454544554555465600011011010100100001
23445444545454545545454660000101100111000000111
23454455454545455545545556000011011101010110010111
2224345445545455454554534545656670101010110101101011000001
22244444445444544544545545567001101001100100100754554555001101011011
22344544544545454545444666000010101000110001001
2223655454445544555544456670010110101101001101
2235454554455454554545660000110101101000221001
2244544445445454445445677010101001010001001
222244436075544445545546545544466700101101111001011000
22445454346544544554454566701011101010001001001
2224444454445545454545544545445660001011010011010010010100000
22234555545545446554455454666600121010110101171111100
2225444454445454554554554556701010111011001001010010
22444554545455545545455455666010111011010110101111001
22435454454554455545545454554666010101110101010110001101010
224444554445445554555455660701111011110100110001
24445444544544545454555456660001110210101010010001011
2344454444554544666710010100010101
223444454544444456567000010000110010
23445445454544656600010010110011
2244434544454545454456660000100101001000110
22444444444545444456566070101001100010001
22234344554554534565454566670101001101001100010
22234545454454545545566700101011001110010
222344454545545545453455656660001010110110101100001
223445444555453546544544666700100101010101101010
224444444445444455334566677001000100100010001
2234444455445434754544545545666000011010010100010001011
22324444455455553244455665666600010110011010110010
22344454445445454454445454556600000101001001010001001001
22444445445454544545454545456607101010010100101010010101
22434544454544454454545567000100101000101001001
223444454544544545444544455667010001001001001001010001
222244454534554545445455456660010101001010001010100
2222435445444455445444556600000100007101001001
222244444544455445445544544656700001010100100101001000
22234454454545544545454455566000171001100110010011010
2234444544445454445445454456660001001000010010010000101
223444554454454544545445445667000100100100011001001101
23444445445454455454545566000010011001010100001021
22244444445444545444545454566700101001000101000100001
244455545454544545566000100101011101111
2222546555545554555454654566001010111011101110211
235545555355545465565607112101117210111111
22544454544544454554666001010101001001101
2345444454454445444331566554556600000002101000100100100110
223454455445454544544544456707001010011001010101001
2344454545454545445445454445666000101000100011010011010110
22454544455445445445445454666000101010001010101001101
2344544445454444444444444466660000000000000101010000110
2444444454444544544444545666000100010010010000100101
2244545544445445454456660010100100101010011
22444544544544544345556670010010010101000110
23445444444445444444544546700010000000000100100100
2244444444454444444444444466007000100000000000001000
2244444444444444544544454466700101001000000000000001
22444444544454454444544454454454666001010001000010010000100011000
2444454445445454445445546600101001001000101010001
2444444544545445444545445445446600001010010010010001001001010
2245544444545445445454544544545466000101010010011001001010010001
22444445444454444545445467001000100100000100001
2354444454545454455454465455456600101011101010100021001001010
244445444544545445455445455445566001101010100101001100101711001
224444354444445444444445454444456700010000100000000100010000000
22445544545454545454545545455466601010101011010100210010101101
222225344444444444345444566670000000000000000000
222244545454445454454566000000101000100110
222224545454454454566677010101001011
2244445444454444445566700001000010001011
222444454444544545454554566660101101010010017010101
22234445354444454445545455445666000101010210170010001000000
232244444454454445444444545546600000100010001000000100000
3212222444544545454554455454545456700101000210100021010001107660
223445444544544544544454544454660000100001010010001000100010
2244445454544544431455465455454556670101101001100100001010010021
234534544454445454454455445566000101001001010100001010001
235445455454545554545545556661010110111001011101011011
22444445445454545446545454554555656701101101110101101010101001010
223454545555465455566661101111011111100
22244454544554545454545554455545566670211011011010110011010102100100
2243454544455455454545555454654556701101011010111001110101100001
23444445544544554666661100110101001001
224454444554545454454544455454556701001010010100110010110001101
22244445444545445454454454545454555670101010101001010010010101000001
22444454545454554553554555454555454466660001101101101101011011100011010101
243445454545554545455545454545554545666600111010101011010111101010110110101
2244454455454554545454545454600010100101011001101001100
244455454555455445455454466010010110010101101101101
244454545455454545454454554600010101000110101110010101
22444554454554545544545545456601101010101010110011010010
23256555455454554545545454545446000010010101011000211010210111
2454555455455455545554545566611101011101011011101101121
24444544454554454545454554546000101010101010100110010001
224445454454454454545445454545546000110010100101001010010010100
22445455554545545554454554545561000110110010011101101101110
234555455465455555555554555661011101111111011111101101
2444445445545455454555455454554454460000100101010111010110110101100001
2434544444454444444454454446670100010000000001000100001
224444444444454444445444544445660000100000100001000000010000
22445544545554554466660110101101101011
224443454444444454444544454454456700010100100000010000010000000
2244454445454454556661010101010011000
2244445444544454444454454544444545670001000100100100010000100001010
22344654455355445454444544535544545546671001101001000017021711001010101001
22444444445453446544544545444544466700001010100010000110001000001
24444444545545454566601010101101000011
2344445444444444444544454444544454567001000100100001000000000000001001
2234454454444444544444445445454566701011000100001000000001000010
22344444444444444444544444444544446600000000000001000000000000000000
24444444454444544445444445454446667010100100000100100000000010021
22445444444454445444444444445444445567001000000100000001000001000010001
2244454454545454544454445454444456660010010001001001001010101001100
234555554554567001102101111
22454545545555455466600110111021101101
224555546554654566001012110211021
22454455545555455545660001110210111101101
224445545555455555446660010102101111011101
2244445454555455554456660001111011101101001
222445554654555455554555600010111011101111101
2244544545545555554456566001011112101101011010
22454455554555555321465565656660101111110210121010111
2244554555465455544667010111101110111
2444554555456545544566660011101112101111011
22245545554545554554555322566666100721110101110101110210
23445454544544455670001000101010021
2223545454455354455660000011001001010
234444544554446667010101000101
23434445444445454545660001010001000017001
24444544544455444456701000001001010101
2244454545545446667100110110011
2244444545445455454566000010101001010011
234444544544544454454566001000001010010001010
2244444454445454545455600000110100010100010
244444444444444600000000000000
2244445444545454545566000100110010101010
2234444454454455454656000101010011000000
2244445454545455454566000011010110100101
2335454545455556600010111010110
224445454454454545556710110101001010010
224444545455455454554545456701011010101101101101000
2345555454455445445545545667110110100100110011101021
22444454545455455454445556601010011010110101101000
2243545455546545554545465660111010101021101111000
23544445554454554544555660110110010101010110100
23545454455454555445555566011101101001210010110101
234454445445555456555655455566010111111121102101011001000
2345455545545446670101011101101
22445545545554456555566000111111101110111
2335455454554455544654655556600002111021010111010110101
2234454554455454555455455566710110111011011001101100
234545455455455554556660011110111101101011
2224544555555555545544656070111010221010210210101
2344445454454554454545666010010010101001101001
2335545544545454554546670010101010110011011
23445554545465455545676001101110101111021
2344545545535545554545667101021001011011100011
224445545555555355565667101111110121011101
2234444544444546660000001001000
23444544454546666010101000101
23455444444444566607100017101011
2224445444544454454546666010101000010010010
22354445444454445444666700100010010001001
222244444444445454445444666600100010010000000000
2244444444544445354566700010001001000001
2224445544544554545546666110010110010101100
22234444454445445444466666010010100711000000
222444444545445445666000100101010000
224444544444545544546666001011010010100100
23444434544444444444667000000000001007001
2244454545545445554656071011010101101101
22244445445444543323667566661001010000000001
2244454545445454544666601001100110101010
24444555455454545444667010001011010111101
2244454555445545455445443566700000011010101101100111
2324545445545455454554453666660100101010111000211002100
2224454444544454544544466600000001010100100100
2233536545544545545455456660000101101101021001010
2444445454455545455455555544666700010111110111011011011011
22444455545555455454446700000101021011110101
222354455545554555455535567171000111110111110117
23444554655545654565654556600010211121011211011110
224444544454454544454545660710010100010010010101
2222445465444544554444543454566070001000011001000101100
234444544454545445454454446667010010100010101001010001
2344445444445454454454444544567000001000010100100101000010
2224434444454444445445443454445667000001000010000100000170000
224454444444454444454445444445667001000100071100000100100100
2244443544444444444454445454444566700100100010000100000000000001
22245444544545454455445445544546660000101010011010010101010100
23444544454544545454545454455660010100100110010011001001001
22445445445454454466661000011001001101
22344534444444454445444454445443466660000001000010001000001701000000
22354554454545454654666611100110011011100
2244445444444444545444443444554666600001000000010010001000001010
223454444445444345660000000001000000
22245444444444444446660000100000000000
2345444544544456601001000100001
223454454444544444454445446000000001000010000010000
223455444545354444446701700100000001001
2244544444444445444544600000000000001000100
222454445444444454443446600000000000000001000
224454444544544535434660000000100000100010
23445445444445443456000000000001000001
2244454445344544314565443466000070100001000000100
22454445444454444444446607000010000001001001
224454444444444444456000000000000000001
2244454444445444444345607000000100000000100
23544454444544444456000001000001000010
22435444454445445445445666070100101000101001001
23445444445444544544545466671001001017110001000011
2224455454554454454544566600010100100011011101
2244454544554454545454666600101010100110101101
24444455454545454554454554444556667001010011711110101010110100121
222445454454455454553556660001001100021000210110
2234434444445445444454444455444666701000100010000017600101000100
2243444444544444544444444566700000001000000000701011
22244444555445454543754456670001001100101010101
2234554544545445455444545466700010001010101010100111
224443444443444354660707000000700001
223444443444434434667070070000070000
22444444444444443567000000000700001
2244444344444344466700007000000000
22345445444444444444444560701000700170001000010
2243444434444444344445607000007000700000000
22443444444444444446600000700000000000
22344444444344444444444444666700100000000700000000000
2244444444444444444466000000000700000001
2244444444444444444444670000007000000000001
2434543544444444444544560710000010000700107500211
2434543444444444446600007001070000010
224444444444444444446700000000000000000
24444545445445544546700100101100010011
23454454545454545660100110100101010
2345544545545455567011011010110101
244444445445445444544566001001001000100100010
23454454454454445456000010100010001010
244445454543654545544546546600010110101711100110101
24535445544545454545454445660001001001101010101011001
2244454454454544544566000110010001010100
2244444544454454445466710100010001010000
224444454444554454544454456071000010011010001001000
2224654455454554545545456600110100111001101011
24454454545445545554667101110101011001011
25345445455454555466601011011010110101
224445454445445454456000100010100100001
2345454445444554454554567010101011010010001001
2345455454555456600101101101011
23454454555465454654653656617111101111101011010
23544445445444544454456000000100100010001010
23454554545454455454454660010001011001011010110
224445455545555444656601001111101110100
224444445545455454545454667110010101011010101000
244445455454545455545466710110110101101010110
23455554554554555466601111010101111101
222455454554545454544554460000001100101101011010
2223344444444545444445566767700010010100000101
223344544544545444445455667070000101010010010011
22344444454544554444554666660700001011010110010021
2222444445454554545555455555666670000011211111021101100101
222223444455444544445454445666667000110100011000170010
22334344544545445444455566660700000100101100001011
22233434444445445454445445454456566670000001110100100100070000011
2223444444545444545544555666607000010211001100010011
224445444454444445544566600101001000001001010
22244554445454545545466701100110100110010
22444454544545454544455467000100101010010101001
24444454544544454455660001000101001001011
2244445445445454454566000101010001010010
2224454445445544453445555456700011010000110010100100
22345444444545454454456670010101001001010000
234544544545454554546660001101011010011010
2244444454455445454545670010010101010010010
22244545454545454455466701010010101011010
224445454455445545345566607101011100101010101
2222444554554600754444544545444544545600000001001001000100100123101
22344544554545454454667000177121111010001
22244554554555454545454600001001101011011010
2344544554544545535546671010110100101010001
2244445454545545455454454546667101010101011100101100101
2344654554544555354566701011010101101101
224444443654454544544544454660000100100101001710176011
222445454454453246665553246546600000101100011010100
223545455565454554345667000101010110121011
2345455455545455434554666701001110110011101011
234445455455454545544444566701001010010110110101001
222444455445455454554454434666700001010110101011010000
2244545455454554455345556600101010110021010101010
222444454444445444544454445666000001000100010000001001
223444454544454454454545466600010100101000010010010
22344454445454454454543455666000001100100011001000010
2234544444454444544544454566700100010100100000100010
244444544454355444445444456660000100000107110001001101
22245454454445455454555670010111010001100101
224445445445445544455545454566600101010101101001010101001
2244544545544555454554554545455466701001011011010111011010110101
23544454445445444544545466671011000100100010010011
2244444454544454454544545445444567600010100100101010001010010001
2444445445454454455445466660010101010010100101101
2224454544544454444544544456770100010010000010101001
22244454544545444545545455454546660001001101011010101000100101
22344545355445445454544545456600001010100100100110010100
2243654454554455454546545554546546660010101110110110110011011101
22324445444544544454544545456667001000101001001711010010
223444545545545545554545465670001000110101110011012210
22344544544454445445454454666000011001010010001000100
23244444445454545454544545445456670001000010101001101001100100
22444544545445445560000100100101010
23554545454454454660000101001011011
224545545545454545660100110010110111
2244544554454544544466000010010100100101
244445454454545454466701010101010101010
224455445455454554660010011010101101
2225555545545544466071010101110121
224445545545455445454660000110101011001110
2245545454454454444466000000001010010111
2245445554555455670111011101101
22454555445455454454546600100011001011101110
224454554555445544660000101101101101
2234444454454445444444566070010000010001001000
2344544545444454560000000010001011
234444455444544534656700100100100100001
224535445444544545544554660001010101001010100010
2445444544454454544544666001010010011000100110
224444546544544554466660000100110111011
234454445544554435456600000100101000210001
223534454444454544445445456701000010010100000100000
233454544545454454554466000001001010101010010
23444444545454566610101010000010
24444544454454454545454667010101001010100010101
2344454454545454546671001001100101010
2234544544544555444566000110001011000100
2444544454544545445446600100001100100011001
222455445455454545444666000101011010101100
2444554544555454466600110102100101101
244445545555554554566000111011111101011
224454545544545454666661110011010110101
2234554545445554545454466700001101101011011010
2244444544544554454455600000110100101010000
24444544445544444545466600010010101000110010
2244444444544444545445446667010010101000100100000
24544545544545545455454667010110101011010101111
2445455454545545455465600011011101011011011
244444445454454454544545544670100101001001010010001001
22455455455365454465456701011011010101111
22444454454445444544546600000101010001000010
224444545445444545444566601100100010100100100
235444545445445445444445466070101001000101001001001
224444454445454454445445660001001010010001001000
223544324775454545454544546555670011010101102100101010
22444445444544444654544544546660101001010001010010010000
234445444444544454454446661000001001000100000010
2344544445445454444534445666000010010001000100100100
224444445454445444444556000000101000010001000
22444545455454554545454666001010110101101011010
2244444544545454544544456660101001001101001001000
22244545455545545555435666666110210111101110110100
23445455454545456567010110101110011
2244444545445554546660010110110010001
223454454545454456567010101010101010
2345445545455454545556600011010110111001011
224445445544554545660001101010100101
23444454365454454544566600010101007210010011
22444444544545444545456600001001010010010010
224444545454455445556700111000110101001
2224444454544545454556700101010100100010
222444545545454554544666701101010110011010
22345444454445454445445560001000101000010001000
2344445455454654545556660011101101110100101
224454545455454455660001011011010101
223445444544544554454566600101010100100100010
23444454454545455446567101010101100100001
234445445445545566000111001100100
224454454554554544545454554566601010101107111011010101101
2344454455454555456554556670111012101011101101010
2444544554545554546545666000111111010100011121
223444544545545455543212456661765444555666601101111101101101076001111
2444545555554654565545660011011111110111111
24445455546545655465565565566660112121111211110111110121
224444545465445455544545455666010010111010101101100101
224444545545455545465545545666711101110111011011701111
223444554365454554555545566717210102101110101101017
224444544554545454454667010100101010101001
2234555454554454455466701010101010011101
235454555454544545545670011010101010110111
22345555545554455544545567000101110110101101111
224454455455455355455660001011001110110110
22345546545454554554554545466700011101110101101011110
22544465465454545554544660700110110111011111
2244555555455454535466070100101101111111
224445546545454545454546670010101101011011110
224355455455454554545445667010101011010011101110
23454555454554545544446667001100101101110102110
2234555555545545555454545660000110101110121011102101
2244345444444444454445600000000100000000000
2444444544444444445446600000000001000010001
24345444444445445432266666001701000001000010
23444444445444544466600100101000000000
23444545345332146655446661007010000010001
23444436544444444444454444446660010000000100000000776662223110000
24323444775444444544445466000010001000000010
234444445444544544446660010001001001000000
2344544444444544445446600001000100000000100
22444444444445444544446600000100000100000000
244444445444454454445444466000001001000100010000100
222454544544444454445444460000000000001001000010
2444444444454444544446600000010010000000010
23444444444444544444544454466600100010100001000000000000
254455454555560011011010211
2454454454560000101011
244554544566010101011
2445455454546600100111011
2445454455560001101011
224554455555660110111011
2445554545560010101111
224454545445456710010100101
24455545566010111021
24445445454556701101001101
24445445545554456560011010110101101
2224554546554656610110110210
22244554545554545555556600011111012101110010
22244545554555455556600021011011110110
23445455455544565666001011101111101
2244544555455545455466000101101111011010
234455454654456556600011111110101
222445545455545554554545567001011101101011111010
22444455545555545454667000110111102101110
2435445455455555455556670111011111101110101
24445545555554555555660111111101111101011
2224454545465454455555545567001111011101110110010
24445554555555546555660021011111111111101
2335545554554455655667100121721111011011
22445545554555356565600011110121011101
24445454544554545454544556000101010011010010101011
22224445445444544454456700000001000100100
234454544545454455445607100100101001010101
23454445454544544554454556000101010010100100101010
234455454545454545454554566001001011010011010110101
224444544545444545445445660001001000101010010010
2234444444545444544566070100010100100000
22344445454554545544455666700110110101011010100
234444544544545454454466000001010010101001000
2334544544545454454456600000010011001010010
2233455545455445455454534666670010010110100110101101
22234445444445454545454545545446667001010101001101001010000100
22454445444545446600001010100010
2454545445454545461171000110010011
245454544554545600101010101011
24455444455456017110100011
244455445465446001101001010
2444454545456600101100110
22455455545454454567101100011011110
2234545454554544566710110101010100
245445544554455600101011010110
244444554554465454556711011010111000110
22444554554545565456610111021010101100
22444545445454544460000000110001001
22454545445460001001010
2454454454544554545561010100110010101010
24554455454556010101110101
2244445445454454546660101001010000110
222445455455545455456560712110110110110010
2244545545555546546600102101210101110
2244545555456545656001021101111110
22454455454555545454667101010101210101101
224554465455555555555556071111111111102101111
244454654555555454660010111111011110
22445455455545554555455560001110111011101110110
2445555456545656001102102110121
222545555456555555546600011111112110111
245555545555555655466011111111110111121
2224444544444445444667001000000000100
2234434444353466700700070017
23444444444444660000700000001
2224445444444444343546707007000000010000
223444444443446666007000001000
22435434434454344467700717000070100
234444434443444677070007000001
2234444444444444444444607000000000000007000
24344544444543444667000000010001000
23344544444445444660701000000010000
2224444454444445353667000000000001000
233444444454434444566007000000000000010
24444546545465454554432455666660100101010110101111011
22355454455454554555355565566666110111101111110010101111
2344545554555455555555466666002101111110102111110111
222444554555555555325656555566670021121101101121021101110
22444454545454545545554445666600100012101101721001011011
2234445454454445445545346667000010100100100101001
24344454454445545554545667010011101101001010001
2434545545554555345655456760001101110111010111021
2234444544554545555545445555666701010111011102101011001001
223445455546545554565456555554455666666000211021102111112101110112101011
243444544544545445445545566700011001011001010100101
22435544444454445444544444666000010010000101000000010
2245465465454554455545544566610011001110111001101211
2445454445453545454445567101017101010171010101
2454555554545454445566001100010110102101211
224444544465445444543553224465546600000000010001010001000110
224454455445454545545445545556000010110111001101001010101
224545454554454554453223556556700001001010011010101011
24454445454455445453245654555600010101010101001010101010
24445455454554545545545660001111011011010101101
224554454544545545455455660010110110110010101011
224545545465455545554545446600010101101111011110110
23244344344344344443434443465670000700070070007007070000
2243343443434434343434434566007070700707007070707000
243443344344344344344444466000707000700707000700701
223444443444434444443444456707000000070000000007000
223434434443444434344345667007000700070000700070
2434344344443444334443444446760070070000707170000700000
2433344444344444344443444344666700070000700007000000070000
23433443443434434443444456070000700700707070007000
24343433443344344344444660700070070700770070000
223434343443434434444345667007000700077000707000
22344344444434444444444567000000000700700000000
224344443444444444344566600007000000000700010
244454455445454544555670101101001101001101
2224544454454545535667001110101010000
245445545455453245565566601110010110110011021
2444445454454444545444567001000110001000101010
234544545445454455466701101010101000110
234454445544454445444466701000001100010010010
2434544444444454445444666001000100000010000100
225354445444544545445660100010010101000001
2444445454444544435556600100010010000100011
2444444445444445456600100000101000010
2444445444454444544666000110010000001001
2444454445454345465466000100101001001010
24444444544445454566601100100101000010
24444545444544454432145456666000010001001001000101
234555454554545454532121545556660000010010110101101011
2244545444545454453214555666600101100100101010001
22444454445445445454456600101010010000010010
224444445444545545453455660000101101010100100000
24544454454544544545444660001000101001000101011
224454544455445445445466601001001100100010101
24444544545444454445444660000001001000100010101
2344545445554454554455431566671010011010110117110001
2345545544545445454544432245656670000100100101001010101101
223454554544554544554454544656600010101101001101001101001
2244545545554545454554546600010101010110102101011
2244545454455454545454545455600010101010100110101010101
224455455445545454545454545545660001011010110101010101011011
224445545454544555445445544544545454667100110010100101001011010101010101
22444554545545455454554544554444666000101000110101101011010110101
24444454545545454554545544454667001010101101011010110100101
2254545465465455546546666021010210112101021021
222545465455465455554666611011010211110111
22444455455455455545455555555454670010111111010210101721111010110
2245454544545445445455445455456660110101010101010100101001011
244445445454454455445445444566000010001100101010010010101
2354444544545454545454545544544456600000110010110010101010101001001
234354445444445444545600000001001001000000
224444454545454455453256670100010110100101071
2444545545455445543556600010011001011101101
23444445454454455445345667100100100010101000010
243545454544554432556700776221100101010101
2244454454554545554554546670011011011021010110100
223445445445455454554545660001011011100110100000
222265444545454454445546000001010100101000
23544444454554545456000011010011000711
224565454554544465600011010101111
234454544454555454545600010010110110010001
24445455455545455456000101110110101101
244454545545554566710111111010101
2444555554555460001110111110
22455554565555546000111211102110
24545545554654444467000010111110111
2245445455455545556701172211011011010
24454455555556546545466700121111211102101011
224444454555555556545456600110112102102101110170
24454554545545554555660101110111011101101
22344654555554556545456600011121021011101117
224355455545654655555554560010110211121021021011170
234544555454654545466710101110211001100
22444444454444544544454454666100101000100001010000000
2344544545445444544556601001000100100100110
23444445444544554566600110100101001000
2224444545444545466601000101001000
232444454454445455456717110011010000000
2344544544555465465565661010112110110101010
224445445445545465455660110002101100100110
244444454544454554455455656660211110110100101100100100
224444454454544545454545660000110101010010010010
22444545455454554555456666000121101110110101110
2243544445444455445455666601101110100001001000
2344444454444554454545467001000110100101000000
2344444454444454454444546601700001000010010001000
244444545445445545466700111000110010011
24444454454544545556000101010100010101
224444454554455660010101010100
22444444444544446607100000000010
23444454545454545667010101010110010
2444454454444545567010100100010011
2244544445444545446660010010010001010
2444545454545445545666001101101001011011
2244445445454544544545670010010010101010010
24354454454544554445466600001010101010010101
22444544544545454445454666010000100101010011010
22445444545454454544456600001001010100110001
22444545444544544456600001000100101010
2224435445444444443444546560000000000000000000010
223444454454444444444454566600100000100001000000010
223444454444544544444535346666000000010010000100000001
222434354545444444454444444666000000010001000000000000
23344454454544445445445445346567000100010010100000100010001
2244454544544545444445454566000100010010001001010101
2224345454445355444444453666660010000100010001000001
234434554465445544545454544656610000101010011010010100101
234445544544544454445444454456660010010001000100001010001011
222454444544544545444445444454366660001000000100100100101001000
223434554545454454454454444546560000010010001001010100010001
222445545454555545466661011011101001101
2244545454545455456660110101101001101
23444455544545445455454455455660000110111010100101001010101
22244454454544545445454455466000010110001010100010100
234454445445444544345445566000010010001001000001001
2444454445454453454456600000101001000100101
2244544544544545435466717011000100101001
2434445444444544454444544443255666600010001000010001000100010000
224444544454444544535445667001000100010010010001
2444454445445445445444444366660000100010001010100001001
2243544444544544454345666600100010000100100100
244454445444544445444454566001000010010010000011001
2444454445444544445444443225656670000017100010171001010711
2444454544545454444545567001000011010011001011
24444544454444454444544454445660010000010010000100001010010
2345454544545544532246566660000101010101010011
22445545454544544545445444456670100001010100101010110101
23545455545554555554555671011110111021010210217210
224455555455546555455600011110111021021011
24455454555445554555446660011001110110111011021
24454555545454555455454660001101021010110110012210
22544545546545454555546560010210101101021011011
22444544555456545654565455556601010210121102111111011701
24446544545554454654546544555671011101110101100111010210
2446546545455545554555566001111101110111101211
2233544444445444443446667007010000000000001
222444545444444454545546600001110000100000010
2244445545445444454466000000010010010101
224444675455555455545445467001010101101021101211
222454545555546545654556600021011110210111101
23444454444454454444443246666671071000001000010001010
224445555545455334446666077100101101011111
224355444544544544444444660070001000001000101100
222444655454545545545434456667001001010111010101011
224446555565455544666000110111211111
224444545445454544444454660000000010100110001001
2244454454545445444466700000101010110100
2354655555555446660001011112110221
224445445455454554660000010111011010
222465444554544545554566000011100110101101
224545455455554554446660000101021010111111
2224545545455455544554366607001001110111011101
2345445544323665666654655444466653465666700111021011002121011110111
2244445534656555555555544567000101021012176667222122211210101
2444545545446545554555444467700100111100012101101111
2234444544545454545455545455600001011010101010100107666022211
22245455445544555454466700011010110111010
22253554554454554554566710010110011101011
22245455454545545554536566700102101110110101011
2344545465455555545554556600011011111101111021010
222445445455455554567010110111011000
22444545454554555460000110101010101
24445455545455545556601011101011010210021
2345445554555455560011001101101011
2334554454554545544545666100110010101010171110
224444454454654455545546600101010110101010001
2244544444545454545566001101010010100001
222444545445445465455466001011010011000010
2235454545554545554566001101011010111001
224444545545554555456000101101011017111
224444544554455545455555600021010111001101000101
224454454454454544545444667001000101010010100101
234454545544554545455671001010101101010011
244465545554544566610110110110111
224465565555555455660021011111112111
244455555455555455556601021101110111111101
2446555555555455445454454560100010101010101111111121
2245454454544454445466001001001000101010
2445554555555546001021011111101
24555555555555554601011021012101210121
24455556555465455555467110110211011121010221
245544545544545545454545445600100070311101011001011010021
2454555555554555545553466600110210101111111110111
2355545555555545655536660011210112110111102101
234545554555555555466701111111111101101
22346555555546545465545560011101011111111110
22244344443444444444444444444444444446660070000000000000000000000000700000
2344444454444444544444444544444544446670001071000000010000000010000100010
23344444444444444444444444324666707000000000000000000700001
224344444444454444454445444433266660700000001000000001000000000
22344445444554543545544545545443667000001010000010210001100010001
2244443355444544546661000000000010001
2244444444454444444445444444444444332666660000700001071710000000000100000100
223444444444444444544444445444444444660071000000000100000000000000000000
234353444444444434666600700000000000010
23443443444444444435434543534446770070000000000000007000000710
23244434444444444444444444444444453546600007001070000000001700000000007010
23443444444444444444444444444444444546700000000700000000000000000000000001
2234443444444444444444444544454466000000100000000000000007000000
2244445465455454544554466600101010101011010110
224355654455454544545446660001010010101021001021
2344555545455545545666011010111011011011
223454554545454566600101101001101
2344454545454554454545454546670100110101010101100101010
22244545445445544545454446676011001010101001010001
2234454545545455454554544466666001011011010111001101001
22445455445455445454554455666011011010010101010101011
22444444444454454444445444445456600001000001000100000010000010
224354445444445444443445676000000010000100010000
224454445444444534444566600000010001000017101
224444544454445444454445660001000100010000101000
2444444445445444444567010000001000010010
2254444445445445444445670010000100101000010
22444445444455444544445560701000100100100100100
234444445445444444445445466000000100010000100000001
2244454444445434544566000010000100000100
244444454444445444444566000010000010001000001
2444444454454445444456600001001000010010010
24344534544444444435667000000000100001000
234444444444444435444444444544566000000001000000000000001000000
223444444454444444544544546700001000100000100000000
234454444454445444545454466000010010100010010000100
2334444444445444544444446670000171000000100000000
23444344544444454454544454556000000010100010000101000000
2243445444353544444445444544454454677000100010001000001000000000010
23244443445444444444445445444454456607000001000010010001000000000000
22344344444344445444454354444454443567700000000171000100000000000007000
22344443544444444466534444544566070010002170100100000000000
2344434445444444444454444544454444432466770000000010000000100010000000000000
232434444444444454455445667010010100001000070000
223443444444544444445446560000000000010000000000
2344445454445444554454445544454666000010100100011001001010010001
234444344444444444443246567717000070107017000171
2224444443444443454444544444566600001000000100000007000000
23444444444445444545444543245666700001010001000100000001000
2223443444444444444445454454566000110000000000001070100075501
222344444454545444445444445666666100101010010100001000000
22344434445444544445445445444545667001001001010010010001000076010
22434444445444454444544454454455666010101000010000010100001000000
2224444444444444454444434544466660750011000100001000000700010
222344444454544545454444555446670001001010101010101000766021
2243444444444444444454444567600100010000000070070110
2234444444344444444444443244545660700701710000000700000000000
224445444444544444444444454444660000000007001000000000100011
22444444454444454453456607100001000010001000
2244554444544454544445466000010010001000100101
2244445545445544544566701011001010101001
22444545455454554545544567710011010111010110011
2245454545454454455445670100100101010101011
224445455445455445445660000101010101100101
244554555445554554556600101110110110111021
243454545545455455545445566000101011101011101000111
2445454545445454454554560000101010100100110111
224535554555455545555565466001011210210101110111110
2444445455445454545453465456660001101101010101010101010
23445444544554454545454545355667010101010101010101001010010
22454545455455545554546545566001111101110111011010101
22445454545455454554555455556001021101011011010111001100
22445445445545444554545436554666000021010110100110100101010
235445455454654555555555465455656610012101111111111101101110011
22253654455454555545555654555556666012111111111111010111101100
224454545555455655556555660011121021111111101110
24444544545454545466610100101100101001
224454454545454554545545466600011010111011010101100
22354545454554454445456670100100101101011001
