2444445453324466654445466600017666656670001000100234444431222110010101
23445454554344665544544456700001007566576000011010013434554321221011010110
234454545323123101011010122444455453223245666666545444667000767666770110010110
234445555455323456665654545454466600001100766666667701010011010122345455544323222211011010210111
2234445455355346545446545455661001001017666665667710010101010123445454453321032210110010010
2344545544322245666655545455445600001001076666667700021000111344454654322222311101001011
2243545454445443456555353245556670017101765666656667000010010100112434454545431212222210101017210001
224345445455443245666565554554454554467000100101017666666666000101110110111334455554532222212110110101100
2434545554443223656666554554454560000010076666666770101011101113444455553321222210011011101
224445444554322122446565665545444454666000001765666656666660000100110100024344445454312221222121010100100101
243454454443224466666554545454556000010101766666666700001010103444444322222211001101001
234454444534446554445667010007666670011000213444432110010010
2244445445345545546671017766666600011002234433211100010
22444532222101102244455334665455456600100766666760011101
2224454454443334467654444544466000000000766566666000111002134444312110001000
2224545544532224466665544545660001017666667600111102234543211010101
22444454443323356667554454546700001007656665676010101100022244445322211001001
223545454433546666554655456660110111766667607121111023445432211101010
224444545453245654554556671011076666666000111110234445322110101010
2224545546545356544554545600000176670001011102345443101111110
22444544545332110010101112345455454432245665554446600001766676700010101010
22244554545344655454546071000076566656670111101001243454322221011010
22245455454432232566666554554545560010101007666666600101210124444322110110101
244444432445565544454456700101076667667000000021244445332222110000101
223454544532224556665454545545671001011076666677000010001234544443223221010010010
23245554453222244665666545445345660000010766666660700001010123454454432222121100010101
44443444444654545365454554660010101010176657666767176001001212244465543322322221100100010
2224554545443124456656545445466600101766676607000000101134454544332222210110100011
344444454333221110101001012224455544545321222546656565554544467000010766760700001000001
22354555553322232221101010100444444445344656545544666001010766676676070011102101
224445454453224565544545445600000107666666667677000010210222445554332222222211001000101
2235454454532212445665665554554454554660010010101076666667700100100134444453322221211101001010
222445545544545322122456566655454544544446770010100107666667670000000102134454543323222121001010010110
2224545454322224466566654544445435660000001007666576760000010102234545532321222101001001
23433444333222107700022433434322224446654443444567000700776666666600700070760001
2233434433222232107000223443432222223444766665434434345660700707007666666666770700770070
22343343344322223222107007001234343444322223444665443456607070766667666576670707070707000
2243443443322222100000001334344433223454654444444566000000077666666666667000007007001
22434344343222221700001224434434333455344546600700776666666667000700707001
2334434433222222107070100243343443323445534444466070077766666666676007007007010
2344344434443322122222100007102344344343222222334566666654344434566070710076776665666666607007000707170001
22244434433232221700000022344344432345654344445670000077676666767070007000
2444334434322222210000102343443322222444566675434434434456560070007000707666666666660700077000011
2434443443222222210007000022234434443223222224456666654443444444466700700007007666666566667700700000001
25343534332221070000002244344434322222444666665444443444456070007017076766666070107000001
34434434443222223100070000001244434444434322222212345665666665434444444560717000070767666666600070070000001
224655454455532222225656666654555446001100077677010021124455432312101011011
222465555555454322356666654607777000110211222311121
222256555555454322566655556010777700001112123456555433211101111021
224554554545454543225665654545455610010107666666677011111011102224455545545322221110101010101111
3431211224555554545443246666545455466100110077767000111121121
2454555555555432132566666665554553670101107707000010121344665454332321011111111111
22545545454545544446555455466100110177700700100112344554533311001100101111
23446565444322322101010121112225555555454322226565666567776760700001111
224555454555454325666555555560210100766667667700010111224455544322322223211001110110111
22445554544534656554555601011776666770011021112245465465432223211011010101
224555554555454324666555455456601010117777770001010112244555453433231101101111111
222455454554545543222223566666666554554545660001110017667667607011124444323222211010111011010
244454545543546654455456600100177670000010010234445443321101010111
223455545432322110110111022444454555455555554546670101017667600710011011
2244454554544546555545567010117676760700001001234454533232221110110110
243454445454454455454455446666001101007667670000010100102434454454323221011000100101
2244445455454535655545455456600101011017667667010010110134445453322310110101100
2244545455443222221110111011234454555455455545554545660001101007666677000101101011
22444555554322231112100111102234554555454565455545656617110176660770101011110
24354545545455453324565665545445444556700100010101767777000011001023444545433222101011011010111
244445545455453222122110110101102344545545433456665554555454554666661110102101017666566700100110110110101
223445554543322110110110113444455455454456545555545555660010110101110776070001011010
223455555455545554322546667555554555554666601010111110110770000001101112244454654544432101111110111021
2445465655532322212111111124446545565544656555556546555660101112101117666676600111211211121
23244311012224554445445432222244666657545454456670010100767707000001111
222445444344331010000110244354445444321224566654544455670010000767777000000001
22223565553443332310101010110123245545544543222456665554544566000001077676770007001011
2244554444434321001000011211345544454445432214655654454445667000010076770707001001011
22235544343310001101212255454444543221124555665545444544554667001010001001767760070000001
2224544445444444322223566666544444446660000000077666666566700010100110223454454322232101000000101
2223555544433310101102112224555545454532212446565666544544454566000010000011777070000010011
2224465454544553222122100011001112222446554545454432322356666765454454544445666000001010010076665666660001011010011021
2222346665554555453222221245566656665554544444466660000000101777600701000210022244535445331110110111121
22245444444444432454554445446670001007676666666567001101010100123444454443223310000000100100
23445354543211000110121244544554444432144566653545444456670100000100767666700110101001
22346555545465455455432346656666555545554536667100101021176566656070121111012102344555332110111111101012101210
22344555555555565444546665656555655465556000111111177666670012121111122444546543222111111111021112101
2224446555555554554545532133465666665554554556600101100176566600001111112343553211010101011110111211
2243654654654555545653225656655545654555666601210210121176656666566657000221221111110210101223454546546543222102111110102102111
2345455545545554453222346566666555455545554560001011010176666666566000021211211134443222110101101110011111
344545555432211101110444445434466655545545555460010010110766566600002121111011101
2444455554654555532222245566666655545545454566010011001010766670000211121013344310110211110211
24444445444545432222222344666666665444445444446670100001000766656666000111001000134445444532221010000010100010
2444444444454443224446666544545444466000000107766666767010110110010244444454553222222110010000010000
2345454454554543222222222446666666665654544446660000107766660011010112444545532221010101010101001
24444444445432123456566544444444660000001775766666656000111000001244444443222321000010000100
224444454444544532222345766665444544544454670001000100007656666660001010100010243454544432222210010001001000
2434544454444545432212222224446566666666536554445444466700000100076666667000010111101010234445454555432222101100010001000101
22444444454444454322346656554444544445666100000101076666666667700101010100134444455443222222210001001000100000
23444444454454545432212244566666554544544445660000010100076676666600011101000113444454554332222110010101000000010
22444544544544453222222234566666666554444444466600000010076666660001101000101244444554532222100100100001001
2444454454445434446655445445444660000100007766666656000111001000134445444322222210101010001001
234444445444544322234465666654445444456600000001076666666670000110100013444445433222221001001000010000
224445444544443322456665544444444444560000000000007666666666660001001101001022444455445532222222210000100100010
222344435444431212223556666554345670000766656666666660001210121111211
22224544435454323456544444667000007665666656656671021021121111102111
2222234444453443122312223456666765755534444666000000076666666660010211111010
2323454445444432346665444534466600100007665666666660102101102101110211
2344445444444433212223456667665544444560000007666666665666566600012111111121011112121
24354444444443313122212324565666666655444444466700001707666566665657000111111217112110121
2443444454444322212135456656565324545660000077666665665600001111111110211021
233224445445444322222345666665444444560700000756666656665600001101111210111101
22334445454445443222222224456666666544444456000000076666566566610001010111101111110
23454454444444324446544444446607000000766665665660000101111112111111
2223444444443222221222345566657656654345466000007666666656656070011211021111111
223344544444444432222212100023444454656666666544444546700170076566666666556670001111111121011211100
23234445444443322211444456576654443560700776656656666701101111011111010
2443444444454445445444546660011007676565660001010100024434453232211001000000000
234443454454445445454466601001766766667001071022444443223221100100000000
2344445454554445553554666011000756666600101101144445322321001011001000
224444444545445344565444545670101007666656600111000002334544322210100100010000
243454444544445554545671001076666545670110100012444432232101010001000
24354354544544535545445456000100076666656701110100224444532232101000110001000
22444545445454535555454566001110766666756661021110011244455432222310101001100001
24454445445445545444666000176666666601110211024455432222101011001001
2444454454455345555445671001776666002100124443231010101010010
2225454554544444554544454600000010766766657001110101244445532232210010010110
22445445454544535555445446600000107666665700101112254453222311011000110100
244454544545544324666554545456000100117666656000101112444532221010110100101
245445444455445454535554545455467010110017667667665670121021010110134445455453223222101010101001100011
22245454454454446554554545546666110102107656666677600100101100122454454545432222222121010110001010
222444754545554555324665655456545656601111076666676700111011121222455654555432222222111011101110110
23345440007555545556545653221121111104465445655656665655654556661001176656766000011112111112345555556553222222221101111111111121
22225655545454554321446565655545454556710010110766666766000011111112212145546555654653222232121101101011111
222356555455555432122555566565554455456701001766760000100111010124345455454532212110111011101111
254655546546544356565465545545600001021007666666666666600210221021011210222355654556553222222222210210217211121221
22224454545550110110755555565555555532212121145565566566656546546545556610111011766707100210121102102244456545555532221111111111112111211
223565565565555556555555554654555565455660111011111176666666670000111121121102445455555553222222221211011111121111212121
2246554455565431225466566555554545566601101111766656666700011121011112244545655553222212211121711012211
22365555555555453213566556665555455555545660011100211021767700101210211112244555555532111211101021111121
23445555553222122211111111212243665555543222566575655556545455566100101111765666666566600021121121011110
22345544532322321010101124444544554446554454654666001010110767666756567010210101110
22245455453233321110101110244445455454465546545465466600101111777677565670111111110
22354445455434545565655455660010107767665666002110211011111244545455532332210101021001100
2234555455432333310210011100212244545454544465555545556600002101770767675666100111011111
2244555555653323432110210101212244554465544555555465545566660011111101707076665665600011211111211121
2234454554314445556555545445456670100101077767555660001111101101022444455454323222101011010100
2224446544554543112454465665654554555456701010107676667756600011102117021234455445532232222210101011011100
2244554554433332210111011101224454545543545655554446660000007607677665660002111111111
244445553433222210110110210122454545455453556545545546660010110767670765666002101111111
2344444444454544544545445444466660010001001076666666665666701010101001234444532222223221100001000001
23445555455454543654545545454566671011011076666566665665566600110111011011012344545453222232222117210011010111021
2234454555545654555545322326566665655654555455544556666660210110111011117676676766566556556670010121111210112110111324454555453323323222110111021021101210112171
2335535455454544654535432246656655454545454544465600000010101001176666666656660001100210011010100112344544545445545322222312100101101001101010110
224445454554544555445455545554455566660110101011766666666656655566600001110111011110111121344445654546545322223222321001101011101110101
223454455454565346543656535545455654555666602171211011021007676566665566660010121002110111212244554655432222223210021171111711217
2444456545432223222211101014444453546545544555455546666602101101110117666666666657660101010210111121
2445454554454454555545545455546001011011766666670010110011010134445545454322212111001110011010
244545553554565443225466546555545554455544666001100111017665666666700000111011101111113453555554555453222311221111010110110101111
44444444465545455433101101444444446654555545545545446660011010011010077000101011101110110010
244445545454322104544655656655654555465456601101117666677001101101111011144444554555453222211101110101110217
22455455454554454555454554555545555454667110111010210176665666666660110111101111012100111023545455455545554532122121221101110110011101
2244455445454553222222121102445453554465454454455446700100100101176665666676001011101100017111
22454554555454554555453212122446565656665555545565455454666610110110111766666665766701010110121021111021002102244455554555555554532212222222211011011110101111011011
22254545454554455455554554554555545555554456666101011011101110766565666667000101011010011011014344544455544553222112212231101110110101101011
224444554454434565544545660001076665666600000101010022444454332122210010101001
22344544434446555454546560000076666000000110012244445322110100010
22244445545325465565554654566000100766666007001111011222445455432222110111010
243444454432234456765654454445667600101007607001001013344310001001
3444443222101000022334444534445544544546677010000766666770001001021
2232445444322234444666656543455444656700000100077566676000000100012334444322217101017
22334544434455446654445666671000766760701101010022243443100011
223244554532445653365445456666701000717654667670001010101223444443210101011
24334344455655444544554456666000001000217666667600001100012233445431211001021
244444444532114444445666665544544654660000011076656667000001001100224444453222221100011010
222444444554322144446666554544454666701000766667000011000012434354321100101010
22444444444344666544544545466600010100766665676001101001234454322122101001000
224555545654543212222125566566666555545556001107656660111101110022354545321011101112101
2455454432466565554555545600110117666666607011122455322222121100110121
2445545545553222221211444655666666656654545466011007665600111111245543211011010112101
2445544545545532221234666566665455455454600010101076670111021444532101101011010021
2254455453222212244666566665655554555566101101117760110111245431101110
22455455546544556544555532566700111011766666577101101244532223122101101111
224555555554532221143454666666665655554560010117767600111211244555322210210111101211
224555545532121222465655665665555546601011076700111102444553321010110111
23555555546553221232224666656656665665555555601021021766617101121122455553211111110210210211
222555445545453212212244656656656545455454660101011776760011101224545431110100101101
245546546554322225666666554554545600011076665676011111214453222111110211121
2445544445443224565654444660001766676760701010100122454545453323221010100100101
345455545433232211001001010102445444545443221144656565453466007176666677000010110101
22445455454332222210101010000234544454543124565654544454600010007667667700011002100
224545444454444455444544446600100076666676700001001012444554453322222110010001010010
24445445445454324465555445435670010107666676600001101035445443222221100101001010010
22444545445324555554454660100776667670700101000223455454333223221001010100100
2444454455325546545445445460000101076767670000000100244444544332322110101010010
244544454553214456554445444446600000001076766677000001124445443223221100002100101
24545445454545323466665454454545556001110001107666666660001011011110345554545543222131211010010110011
24454454554434546654554545346660100101007677770001010102244545454333221110101101001
224455454554454545454455445467010010767677071010101022445454544332221100110011010101
2244554555454554322124566565554544456000100176666676607000101010113445455454323222221101001110110101
22354545432235665654546600176666567000010101023445543222210110100
2344343654654444466700076667600700224432222111000
224445535434466544454544660000107666666660001010102244454322221101001100
224445444532244566554444546600001075676666700100101013454445432222210101000100
23444544554454446544454454566000010001766665657666100101110124344432122210101001010
24354445432231001000001234444454534445445444454660701000007666660071001010001
2244454454323566544446600000766556660000010100134444332210001010
243445454344665455445444566701000101766767071001011243454543213110100110
2444453543231453465754444434567707007666667700001000124434453222210100001001
23454445434445444456660000766666770011101244445323210100001001
244455432336666565444544566701001766656670101101111344543221101011
224344454454454454554545454545666010011001017666656667001010100010012344444544332221110010000010
22244454454432222221000100101224454445454444465454454554666010100110007666566566600011010101701
22345555454554432466665554454566600011017666666657660000111001111224445455453222222321101100111011
2244544445444454544545445444445670010000010007676666666000001001100022444445454322322231010001010001
2222454754554454554446554544454666010000107666765700011111111102243554555543222110101101011
224454444545444532455545444444567000000001766766676667666221001001010001224444544445322322311101001000101
2255454445443246653255554544454445670000100100776676666071101101010022334453243110010111
234465444323467754454544322134566666544545444444466700001000010076666666700010001010001123445444455443223211010000210010011
344445444553222221000101010121234655454544543223666554444434454670000700007666666660000110010100021
2345444454533222101001001222445544544544346554454544544666000100100100176665676700101101000011
24444444545332222210100100101022254454454544443654544544444466000000000176667566675700101101001001
22234554445444544455454445434446770700100100766666656660710001010010122444545444323222221010001000001
22344444654454532322321100100101221155445454544444445554454454446661000000101017666667667660001001010110001
222545454545454555465454554566600110102101766565667701101111010124344654465432222102111001101
224545454322122111011212255454545545455545554556670102110110176566666600010110111
23545455322122210101211222256554545545454555545555565660011111101107665656567670111121011111
2244554545545444465555453565455454666000101002110765666667001101021010111022444545554532312211010110101111
244445456543212221011011121345545554554545455445653554556660002101001110075656665660700212101111110111
235455455532122211101121122544655544555454545455456553656670211011071221007666656677110111111111
2254454555454555554545554555554566600110111001021107666667001110111111235454554322221011110111
22245555545344656544554555454554566600110101101007666666660001110211011022444545543222211110110211
2244554544545454554545544545566000010011017656556657000100111110101224444554321221101010111
224545455454545455545455455455667101101101011766656667000100111001212444545545322222211010110111
2224545445444454443223346666755444544666000010076666666666000010101124444545321222222100010010000101
22454454544445445443223465666554545466701010766666666670001011011102244544555432222222101001000101001011
2245454445544545322344566666544533555660000000107666667710011010110102344454545453222110101010101101
224444354444444543224446666545454545666610011001766666666656576000111101100111011244344555545453212222222100010000000001
243454444454445454432223446656665454445444544566661010001000107656665666666670101011011011110111102235455455455554555431222212222100101001000100010010
224444444445445445445432222244466666665545454666601010765665665660000111111011010010100234444544455455543212221001001010010011000000
243444434322222311010000123454444445444444444670000007666666666077700000001
244444553332221010001014444544444445444434660070000757667600701001001
24345443232223211001002344545444445466000766666767707000011
23456544655455454654555325666000007676666700000211022244554322322221011101101121
22444557545454322222110110121011224455546545435475465454446170076676760070110011111
24445454455323222222111010010123454445453244756554454555446600001101076666666777001010110011
22445455534322222222210110101112345454554545534545455467000100766676666767000000110121
2244544544545454544554444467076010100107666666666070710102214354322223310210101011
244454443353222221100001021002234554544543653454454344467007621760776666777007001000121
2344445455332211101102101124444455545555545446607007577000000101100
22244455432223210110111235455433254657554554667100766767070000101
22445455453322111110225355544545565545466010010776700000111110
24444545454322222456666665455455445466600101011017656666660000101110010234454545432222210101010101
244354545545321345666565654454544566600101010765666667100112101110022444545555322122211010210101010
22445545454322256566655545554535656600101101117666665666600011102101001224445545553222212221110101110
2445545454545432224656666555454554554566001011011017665666566600011111101110012444544555543221222111100101010121
234346554555453446566555545553246566660110011117666666566600110110111010022224555445554532212222121010111001110
222455545455543210354665665555455454446566600101011011766665665607101111011100212324555455543222212110101101111
34545555553222222222111110110211345455545532245666665455545555324666667101111011176665666675670101111111111
24444545545443222144466666665554455445545456600010110010110766656566700111101110122345554532222110110101110
22454545454533222456666665545545554466600101021017666666660011121111012235455553222110110101101
2234655454545431446655554545545444660000101001176665666666701111111110234455555332122211010011010210
2444555453223212111101021122246554554532135666565455455545560001011107666676666001012111101
244554565453246566565554654365566710102107666656766600111211021112244654565553222212222111111111021
222246655545454532212224656656665545555454554556601001110111765666566661000011110111102113454555455565431222122121100101021011
24444544545445445454454554560010101010766666666001010001000234544454432222221001000101001
24444544544455545465456601010176660707100010012244445544332211010100101
2345454454554554653654555671011011077667001001002134445453321110110011
2244444554444356554455454456601010001017666770001001002243544544332101010100010
22444445454453245654545445454556600101010007666670000001101124354545432221101010010010
2444544553322210101011012244455455444312446566654545545456660101101001766766701010101011
2344554454543444456555455454566600110101766667600001010100123444545443222110100100110101
344545445433211010110101122454545545544455554554555600011101176670701010010011
24444455454554555455545554555454554600000110101176676607600000111021111235554555543333212111110110101101101
2444445554555455555555554654555455455546600101021010111076766676760001110111101122544454555445323223310210121011111101110101
244454554654555454655465465455455456600101011021177677000100111111023445554554532321111011021111011
24445454545554554555546544554555601101001011765676667700011711011121122455554654554433223124321701110012101011011
2243444545454545555454545455545555455354660001000210010021007667667670101011011124544445543232222111100101110110000
222445445455354545554543456554554554455444666100010100100077670070001001011111222554455455454333221010102100100110117110
22245445444545545454454555454554460000010100776676760700010111111023454545555332323122101101001010100
2254445445445455445554555445545545546666011100111001076767676000010210111111235444555555332323111010110101100101
2244544545445545545455454545454566010010001176766667600701010210111124445455455432232221101110101011001
243444445454545554546545465455545555455555466661101011110111101766666676767001111111111243545455553223312121110111011100100100
2434454545554554545655545554654554666601102101021011767667770011111112110022444545455655532332211021011011101010
235454543222121101710244453545354544456001000766656666610010021010
2444555432231223210010000344444454445544546600101076666666676600021011101
22454445454444544445446600100000766566666600010100100234544453222212210010010
2444544554454445544454460000010756766666660001102100113454545432222321010100011010
244454454535544545454454560117100107666666667000101110224446554322321211100101001
2244445445444544465445454445660100002100017666656667001011101112445554553222222210010001000
2244444545432221222100000012444444444444544445466000010076665666666660101010110000
224454554554321322222100100000102245444445444445454560000766666666660001011011010
4354545543122222223210010000002434454444554544545600010776656666665600002101110101
2244454454444545444544454466000001076666666666660001111110111344546545533222223100100011000010
2444444454454554454454455600101001007665666666660001110101000243544545432222222211000100001
22444445533223456667656545545544566000011010766666760011021102122245555532222110110011
243444454554532212345666665554554545446600000101107666566666701101101111222346655554432222211011010000011
2444445444545431323466666554545454554466600100101017666656666666600010101110111102244545545455532222222212101001010100011
234545554545454322455666654554454654556700111010176666656666667011111102101021222446655445465432222221211010110110100211
224444444445454555322223456666665556544544566071001007666666667011010110102101122245554555455323222222110110111000100000
2344465454455454322244665666655454465444466700071110766566666600010101101112112245554565454332222211110110101011001
2345344454544553222234566666665325665445444556660712101007776566665010111110100101100002344544445455444322211110110010000100
22444455454553222224466665665554554544567001011017656676671011111012234654554322210110101010101
2244444554454453212222446666656654554453456700001007566566676011110101101011223456545445543222101101010010100
2344545545454532222446656655554554324666660001001766566667000111110102102112345555554553222221011001011010011
224454545545545465455446600011076667656607110121011712345445543322121011110101
24455545554654545465444666000110766666566760102110111002235445545322222111111011121
23454454653222222121011111122445555465455555545560711017657667667011210210721
24444545454322222221110110110022354545455455545545454567001100176666666665600011101101101
2244554554554545555545554660001010767665670101110122355543232311101110111110
224444454545455322223211111110001122444545545554555455544546700010100766666655650000111110110101000
22444455545554532222222111101100012112444455455455544554545454467001001017666666666600001110110002110
224445444554545532222322110100101102123545455454545455454455600001017666676565670011101001101701021
22454454553232231010110121022244465455545545454454546600000100076667666001010101210
224454545545455454554544554454667010100100766666667011101101000113444545445432223101101011101110
234544555545455455454545660001010011765667676701010111243545533222221111011101
2244555554554555454454660001010756666667710111110012344545553221221111111021
2244555455545555555455545545454544660100001010101101007666000111101224445533211111111011
2244454544323322211101001100224544454545454545554445666001101077677655660010011010001
244545545443322222110111011100224454455545454555554556601001776677655600011110111011
2224545445553544555554554554566600210101107676766545666000010110110101245444543332232310111100110010
2244454555454443322210121011102101034444555555454655545465454555660011011011076600766555660011021011210111010
344545453322322211110010101244444545454456554554544656600101101767676665670101010021101
234454454553654545555544356566600110117676677565566701111111011022345555434322222121101100101100
224545445554545346565555554555660011012107676775567001112101101111244544555554333122211101110101011
223454535455535544555455545556600101111075666667656567010101110110111244455455453332222122101101010110000
224445445545545446553654545545670001110117666676765657001101111102244554543332122212100111021000
2244444444443214445544434556070000766666666766770000000123444443322222222100000000000
23445544322212356656655545444446670000107666666607001010124445443212222101001001
24445455432222366566554444456600000076666760000001002344544322222100010111
222455454454532122222245665666655445444567000010776666607001000110224445544432222210100010110
2444455444443124456665544454444445466000000001007656767070010001100224444454543222221000110001011
2444454454534554545435466000000766666677000100110122454454543312222110010010101
244445444543245654434466660007656666667000010010112444544543222122110001000110
2225455455454453222222224466666566665444545466610010007666676000010111112455454553223121100110010111
2235454455432212222221000110102244544544433566545455444566701100100766665666667001100100110
24445544543122444656655444465600000076666666600001100102244445432222210010011021
2345445543223565665554444466700001766566770001011101123355555543221221011010011
24444454544312224656665545453446677100107765666677000101112444554322222221010100011
22434353434444444443436666700000766666676560700070007102343434432322221000707001
224434444444432222221000000007122434444443444444443444446660700007076666666667600107001717001
3244443444431221221017700012224344434543234455443443466667000070177666565655660070017001707101
243444444444444434445444443666600000767666666766700000100000002224444444444332223211000000000000001
23344444444432232222107000000000023434443444433344554344446667000070766666665666070010070007611010
22244344444353443444443444466660000700007666666666666660070070000001224344444353222222222210700000017
224444444444444444444444444466600701700766676667567000000000000223444444433222232210000000000001
32344454435432222232221000000076621111344444444443534444444433454666700000007076667666656667000000000000001
222434444434444432445544446666000076666666766600700000000000122443444444443222322210000007000000
22444444444444444344544466660007676667667000000000000022434443445432232211000000001000
224343444443224465444434366666700000766666566766666700000700022343435322222222221000000000
234434444444432223456654444466660000077665666666700000000000002134434444443222222100000700100
234444444434444444444444434666600071776766666666567000000000010000012344444444444332222222100000000000001
224445445322122211010012354544545454545466000110756665656000100101000
2244445455322211101011244455454554545545446660010110076666601110101000
244454554321122110011024444545445455454455460000011075666666000110101101
24354555322222210110102434545554545544454545456601001011000176656666000100101101
2444454545455431222121100101101124445454554454545454554455456000010110011766566656670011101101010101
22444554553222221111011143454554555454654545545655660010111101117666566567601101101210101
24345445553221212211101022444455545545454465445556700111010766656666670102102101011001
22444455554322123431010111010113444555535554555554546566171101117665656665660010110111101010
234454555443122212221111012345455554555454555567010111076666567660010110101101
2344554545321222221111011243554555454545454554556701101001117656666656600010101101001
23544553222211021011223456545555554555454554660001010111766667710110111
3444454444312212121210100012244454454454445544544545466000100101007566566566567001010010100001
223454445544532221221111011102444455455455455455546600010176665667000011011000001
22234554455322222222222234576666666666655455454554660071111107666566660111212121110011
2224447544543232222323466667666667654554545566610101107666656600121211212112111
22224454544322222446666666554545545656600121010117666666566566001212121121211211
22443554465443222222234566766666655554545567001102176666665670121211212111211101
222244465544554532232223446676666666545545445456600001011017665666566565670121212121211211211111110
2244454554532222122344666766666565446545465456600011102176665665666600112212112112102112121
224444545553232243666666665465554555660100210211765666666601212121121212111101
222244654545532232223222356667666766655545465607111076665660012121211211110
23244454454332224457666655555455666000122110176666656666566701212121211211211121
224445445445322232346666666655454454556600101010766566566566001211211211111111111
223654544545454444344666545545465600011017666666670111010022444443222110001100100111
24545444455445322222446665666554545456600100017667701071001222445444322117110001001121
224455545454532356656554554567001100766767010111013244545323110011101111
2245545454455432224566656544544554456000001000176667701001011223544543210110010101121
2234465545432446656545544544456000000010766565666002111101765660121222344443221010100111
2435444545334666655454545454556000101010017666656666002111010760122334445322221110101010
24444554554532446666545554545660010110756656656671112111110100224444454311110111010021
23445554544444655454545455454660101000110010765665665656560002111111101122445453221221010101011
23346554454433134665666554545453465560711010010176566665665566000212121210211000012234445453210101100101
23444545443222345467666654545545445554661001001100107566566660010110210010222444455322210101001001
2224454545443222456666545454554555456711001011002176665666566556710121121021171002134444453221117101010
2224444544432224466665555544545560001010117665665666650101211000022234453212110000010
23445445454454323244666666666666666666666662111010000122444444432212211001100010101
22245454454553222222344666666676554545544556010010076566760010011176021222244454553221111010101010
224444454434465554454554554546601000101010107656665665656660012111011000102243445453222122110010100
234455545355545432324456565656535545556660010011011766555665566010111101110102235444323110101711010110011
22445554455545454335566554554554666661110110177766555567010121011111001234445554332311010101711110111
22355454455444444565454454544466660011010076775454556700011010101100012332344310100101011
224454655454544544543122244565656555444545454666700121001100017766554555667001111101010002344443223110010101000111021
2244455354455454435554554454545466660010110010767766545556700110011110710011222534444534332100171101110101
22444436754544544545533354566666554444544554676000110010107656656607101011001101001022344445454543232101001101011001101
2544545455445445432455655454544454566000100110100775766655465455600000111111110000123454344322221101001000101211
222445465544554454444554454545456660021010011007766655556700011111010111343446532431101000111001
2245444545445553445655546545455466701010211000707555555676010111111010011224445443433210101010100101
234545545454544444655454454666017021100076566555666001111010101012244445432231001001011011
22445365445554554434546565455544566601110010100766545465566001101002110100213245443311101110110010
224445445445465455544660711767675666600121110212444443221101001011
224445445554455544666000017666670010111022444453221110110
23444544545454554545546660010100766667600121110023354533210110100101
24443544544545455456700177667665660001021010012343544433221010010101
234544654454455554545667010176756670011121002133455533210100111011
222444454545454455465454445667001000767656670011121110223544553321011101010100
2344544555445454554545666000107766666566670102111112444323322111010101011
223454545545465454554545545455466710001011767666666667002111211122345465323222110110101110101
22253445545454555545455465607100110077666556670101211011112224344554331101010101
22444545545545554456545455454660000100117776760010121110222445465453321110111011101
224445455454455546545454566000001100766665666600111211111234545432221011011101
2224544444554454545545554456660001101076677765566600101210112344433232210117210010721
222243545454554454554545556670101076667655667101021111210133454553221210110100010
222245444544454432222234465666665544445456600000007566566567000101001010012234454454312211000100001010
2234544544545443222223445666666654454444546770001007656656660001010101010112234431010010101
22224445455444323222446566666545444544667000001766665665660071101001100122244445443221210000110100
2244444544454544322224465666554544444567007010075666666700101010100102223445454543122100100100010011
2244444544454544322322446566666554444544456670000100007566656666600010101101012234454432222100010100100011
234454545445532222232222222244656666566666666655454554444666070010100076666566667600010111001122244445432222221001101001111
2344544544554454433233455676665454445355670701001076665656656600000101101010101012224444545544532122211001001100100111
2234454544545543222322224446656766666554454444544454560700001000010076565655666600011010011000112234445443221210011001010101
244444454454322224456666654545454666000110176666667700101121003444554323221100100101010
24445545455453222256656655454454556660010110766666667000111102111224554565453222222110011101110210
225544545543122144565656555554454556600010101076666667700101012112245554543322222110101101111
23544545445445323456665545445454545445560000001101001017666666600001101011000124435445454532222111000110010110
235444554445432121244556656532375654445667001707666666670000110101113245454554322222210001010010101
2222555454554543222323245666766665545444454455660000001010017666566667001011101011235445455322222110110101011
2244444544454444544312112355565654444444446607000100766666546660000100010001001002354444454445322222100010000000100100
2345444444454445453243545565445444567001000766766566001010100100101244544454444332221001000100001001000001
2224444544445445444532110023445456566544544454660000100107667665545760010010100011001344653454453222223100100010001000000
234444544455544554545453211102444546656656544544554466001010100176667665556000110110101101000123454545454545322322210101011001101001000001
2234454454453544544544321001434544656665544545445456600010171100766766665454466700101011001010010000224353454544543232222110010100100010001000
2244444454554544534445556555455466001766676665657001111101011100244454455454322222212101001110100110010000
2244444454545334454555554545445446660001010017666666654666000001110101010110234454554455543222223121010001100100010100
22224444654445445454444454543121002444546566555454456661001007656676656667001001000000110001002343445444445445443222222221100100100100100001000100
222444544454454544544344445456655454545444560000010001107676765454567001101010101000012244445445443332211001001010010010100000
222454454554454554545545432121110111010104444545455554655656655455454445467000002100176675545660000110111000110101011002235544445554554445323210101171110101021001010001
22244544445454454443544655654545454454445660000100010766766754545670001011010110100110102435444545454543322221110110011010010000010
22434445443211000011222225544532232344666676544543456676000007655666600001010000021
22245544311222443224666555445454545456601001000100176667000101021
2222354544555322221010010132222454545444654544444544653666600001000001076566565666700101111011001
2224445454445532221210000000022134444444433445655444544444544666710000000100107665665656670001101100100101
2223545445454532222122210010001001222445444453454445544544454666610100000107566566666666701001010110001
222224446544545432222121010010012224445444322254666565455445554454344666666100001000211007666666760100010001010
222344445445432122210100010122244454445444455454444653544676010000010007656655656760011010010100000
22224444444443224466555545445454444567601000010001766766676000000100102321345545444322222110000000000
2224455454432221010701223444534554544554454456600001010017676670000010101
2244555453322210110012244455432245465655554554555454560010101101100010075676600002101101
2345554555432222123321001100100213445544454545545545455554660110100111017666665666666070021110111011
235444553554454544555455465445546676110101101110767666756566071211011010001022444445355433223211010101001011
224444544545554555455455545555455445667010101021011110117666666767000101110012244544545532232222210101110110100
335455545355546546555555556555555556555556556666010211111211111121021176666766766666556761011211211102101023445454654432323222222121021111101101101021
2234555455454654554654555465555546545555465666601011111111111110767667665566670011210111010122435454465532223233211111101110110111
24554554454545432225656555544545456601010101765665656600010101107022354444553212212110010110100110121
2455545545445543221245665665545454554560010101766665670001011110102345455554322221101110011001011121
22545655465554565455322265666565455455654566011101111766761001102101022355455553222111101111021111121
235556545554555554532122221245656666566554555545554671021010102176656666566001101111010012444454455532222121001111010211111022101
224545455454554454554323346767654544545454454546600101001001100176565556660101101111011244455543121110011010110101101
2254555554455545445545532224566665545544555445560010101011076665666600010210011017213444545465432122221010110101101011100211021
244544554545545432225656566554544554455466001101001765666567600010110011010102244554445545453222122211101011011010101011
22544555544546545543222135665666555545545454545671010110011075656656656700110110101111010124444555455544532222112210111011100110210101
22365454655465455554322466665554545554556010110101017666656655666011101110100111234565453554322212211111021021101110
2445454545545455454322124566556655555454545466001002107666667600001010101717101711224444445545444554453222212211101011101011011010101
224444444544444453212345666554444454444444466600000000001000076666665660000110000100002245434444543223221010000100010000
22444444444444444332446655454444544545466000010010010007676666666566600100010000107010123444544445444323222222310000000000010071
244454454545432234566655445544454454454456660101001000100101076666665567010101001010100224445445445322222210010011001011
224544454545444322444666555454444544544455446566701110101000100010076666656654667001110101000100012334544554353222222100101001001110
2354544445454353244465654544445445545445456660010100110101000107675666666667010110102100102244445454532232221100010010001101
224444444444454434446544454444444544446666010001000000100076666666666666000010110000002234444454543222222231100001000000010
2245345445454544553221224456666554545444444445666000100010000017676666670011001001124444445453222311010001101001100
24444445454445454322244655665444544544454444466600000001010001000766666666666670001010110100222445445545532222222232110100011000100101
2244454444454544323456666544454454445444454666601101000001000107766665666000101001011012444454554432222221010100100100010
2444444454444544322132456666655444444444544445466000100000000000017666566566071010100010000234444454443222221001000010001010
224553565454356556545556660111776556617102101022102245545532221111021100210
245355554555454545545545545670101100765666670101111012444545322221101110210110111
2235545455555322466566555555546667111011076666656657002211211212245532322111111110110
22245544545544555554545660711766766700011101122245545553222222110110100110
224544545554553366565454543366566070110107666667070102111346545323222210210110011101
2435545545455432566555555446567010111766676000010111112345555453313211101011100111
2222555554455454545356545545455455566001101101107665667667001111121103346555453222221110110101011011
223454545455455545555455545456554667011011110766667655656600111102101010111234544555453232221221021010217210101010
22355454446545465365453212212455566666555553656660002102107666665666601112111112101222446545565323211011011101011010
2445445454454545443446656545455444666661010110176666766556660001012211101101001224445454545543232131101101001100100111
2244555454654555444555656546545555666011110176667607565666001101221021101122355554554432322222111110111111011101
222445443222222222100100224354454444554454600000007666666665666001001000
222435544454554545366600001017666666666666600001102234543222222222101010
24345532222321111011343545445554554456670100117666676576617110101
2233544544454454454444546607000010107666566667670710101224354432222231010010010
2433444545444455445466700110017666666667667000010234444321232223101100000
2444454322222110111022444545455544465454445666710011101766666676000101101
2434555322322221111010023444554554455445660001176666666677000210101
2244445332232121010101234454445445544446670001076666666777000110
2244654554322222212110111223545545545445535467600010007566667676010011021
2345455432222222110110210222455545545455454544546660010100117666666676000101110
3354555322221310210101213454554545455455445567000210101766666666660011101111
22434544322222110110133454545455445445567001000766766707100100
23444454544446545544546761710100766667670710000222435443322222101000110
244545443454565454545566011010176666767000101010223545454332221010101011
244555445545455545545600076770000710001101244544545344332210110110111011
22444455454554544322121210111011111135545455325555654555445544660010001766666771001101011011000
224545455545545454666666666666660011011010010022444454545455432212121211011010210101
2245545454545455455545455455554654566010111110110176565656660001101011100101024444454545554312122102121010110101011
22445545465555544432221121111101111112454555434565565555555555566011111766677000101102110211010
244545545554554565456545555555554566011011111107666667010110111111034455455553222212111111101011111
22444545454553322221010110110110224545545454554545545545544566001011011007666670001010110010
24444655445544444666545555566000110776600110111122445555432211010210111011
22445455545554456655565455554556600110111101766676000211021010222445545532222210111111011
2224454555455545445555545456660001110176666676700111111022244553655323222101110210102100
222445454555455554465555555555655666002110211111176666760001211111222444655553222211011101110110
22444545545544566555554554667011011076677710111022345555322222121011110101
24445455454344666554546532555656000011010176666666701110210111133546555443222211110011011
243444445445346555555545660010101075766670011111013245455532312211001010000
23445445545455432344666666555555455556556600111101111117676667001111010234445453223111101010110011
2344444445444543245666600000176667666600010000222434532231010010
223444454454454454466660010766665670001001121124435433101001000
234445444444545446667170176667700100123354321101010
22444444544455444444667000076666566660000110010222354532222210010171
23444354444346544444446667000076666766000010002232544431221000107011
23453544444454544466600075666766670101011244443223210010010001
2234444445454444554545444566600001010767666600100100013244444332110010000001
2233654444545444465453255666660110010776566666000110111122244554323110000101
22236545454544322222466566566544466660100177666600010110012234545432210001011
22244445544544455444455666000100766666667011010110122245454532222101010010
2244445445544544554544546660001001766666666001010100122444453232211010101100
224444654544554545545445454667001010017666667001110010123445454322121010011011
224444445543222122111711014444453545454544466600017665666566071010101017001
24445545455445545454466600101076665667600001010001134445354321221121101111
244545544543445655455444546601001007666566656000101010010010012445445445445322122212101010101101
2244545444322122212111032445545455445445544544566000110010011010756566656667100100100001
235354545321212221221221111224365345655555455454555434566771710210101110765666566566667001101010101
2355455553322122211101011212455445455554544555454566660011100217666666677010111102111
2345455465432223211101110224445545544555544545544666601001010107666666760001110111111
2232435455453212221211021212223556544655455545455435666660010101076566667000011001002170
222445545543322122211110101223444554545545565355454536666701711011766667667700001101111
2233553310110234445445454454454554545666600101010101766667702101010101
324445546553222121210111111235545445465654565555465546546660011101217666666000110211111010
2245555455432122212211101112224565445455455545445545456666101010110107665666670710101011121
2224455453212221210122445544555545465454654544446760000100111101176665677001111010
2345545444544545443232122224566566666665445544543466666001001010107666767770000011010102124444655444534323223101001100100011101
2245445444454545432221345665666654544545445456600000010100107667677000100010111344544544433222111010010100101
2444444454544544444332457666554454444444566700000100010766656666666000001110100110017122345444544545453222212210110010100100101
22225654454454545445453222221254566566666554554544554567010100101100776767700070010100111134544545445333322221101001100101101
2444545454444454432212223446665666655444445354444666610000000001076666666700001010101001244443554453222211000010100010111
34444445444454432222210010100100101102224554454454454543221445656655545444545544566600101010011000766667700010010000100110
22444544444444326554434566000007666666667010000100212444544453213321000000000101
232444544444532255654444446670010766676071000001002224455445433221100010007100
234454454443222100010000022244545444431222466566545444466000007676700000100010
2444454554433222100100010001224454544445433266555454560101007666667000100101001
22444654545545443122211100010010213445454544322224666656554544534566601001010766566660000011010110101
224455544443221001001010223454544554323566545444445660000001007667600100100011
2244545445444544311100110100101234544554545543212223566566665556710760000001001001001
244466545545532212456665544553545600010007666600011010102244545543221101011001121
2324444765445445443222226656665445445444445466701001001000766566657710001010010101022444565444544453222212110010002170110
222545545454454432244665544444444666600000000766666666666670001010010022245444454322222222211000101001111
2354545545453222232117101001001224444444454444465445445660000007666666667700010101110211
22235555445445433244557654454444453456670000000001075666666666660710011101122336554532232212210001010010111
2234444544455445432222322110101001101021123545455445454532232345667665545443221245566666660000100107566676665677701101010101000001
222444544532231211011122244554543444565454444445666000000100007666575766660770222101010210
224454445445344455655454554546666010011010766666666700071111011210123445545545432211121110101011
2224554554543234656665454545444466660001001007666676707000010122212222344666665553332222211010101111
2234455444544554431211107132344545566565666554554545454455670001001010101766666655666700102121101110102234544454543222101101001011000210
2244545445444454433224556665453545454670001000100010766566556666701001011101212345555453212122111010010011
22454344444344443444660700700767665446760000000000234443322310000001
234453432100001224444443324554434344667007007007665446070070000010
224444444444444444444444444466700000000077666546670000000101234544432222100000000010
222444444445434454444444445600000000766666777000222244433211000000000000
24444543444544344344435607007000076666667660770013145333222221000000101
22244444445344444444444446600007000007766665446600000000000324444323222100000000
223454544443544444434467007007566767070000122444443322100000000100
22454444444434444444444660700007656676777000112444443322221000070000101
244444444444444444346607000007566666676070012224543222221000000101
244354454443445434444346770000000776676654467000000000012444444322322100010010
234454454322222210000001234445444344444444446070700007666666544670000000010010
244445545453222456666545544454556000010101766666666600101110010234454554321222211011010110
23454545454322124456666665454555446600010110766666666001101010010224454445443222121101101001
224545454554322224466666665555555446600010111766666666000110111024444554322222211110110101
24444545445443222224566656665445544544545466601010010101076666657001010100124444453222121001100100110
24444545454323456666545544544666001010107666666666601101100102444444532222222101010010101
224445544544312222325466666666565545455445455466600101011010101766656700101011012444544432211101010110
34445445322221101001102245445454322222446666665545445445567010101007766666600111000101
224454445444321222234656666666545445545660010101076666666600210110010002244445445322311010100010
224445454543222222110101010124445445432446565454454454566001010001076666666666710111000101
244454555554532224565666555545555566001111101176666666670011111110234545555322222221110111011101
2444454545434466545445454456000010010766676660001111244543222211010100101
224455454454544544660001076666666671010102345432222211010101
22445545554445544544560000100765676670110112354533221101011101
222445545445454432236657554545445454454677001010101010756667001101010003244445444311100010010110
234554455444544434666554545455445546600011010011010765665656660011011100100243454454322222111010010001110
2445455365455454544554553654660010101101007666666667010112354322222221101101011
22224465555554655455553222222456666666655455455455660010101117666666660011110121021225555455432122211111111011111110
2235535545545554535655545554545660001011010176666667702111021123445655322222121010111101010
24456001
222246655554454555455432224656665545455445545454466701010101011011076666667600011110211345555543222222101100111011011021
222244444454344445555454454545666660070010767607700000110102212223444546532211001010001
234445554432211101111212244445545553455655545444565566670000011176770700010100111221
23244445444445456545554454654666670000001777700000100210212224344311010121
2222344454455534454565655455444566666666000101176677707000100101112222233444455653222101001101111
22323444454454532212221111011121233544545545445455444454666766000076666667676007000100110100110
23334545445454544444546545454444445466666670001001001766677607000000000100122223343544432101010100110121
23443454545454445445444444454565676770001000767667707071001001012122234444543211101011121
2244455455553212222210000000022344444444445554455443455667001001010076666566656600011012110121001
22344444444433346654455444456660001010076666666666001112110211021010
22444545454454545544545466710010010766656666666670102101111212122455555553222221221110100021
22324444444543222345666665455444554666000101107666566667011111111111110
234545555555322221211100101002344444544544456554545545466600010110176666666666600101121111211101
224444544454322344666665444465445660001007666566665667010111111111121112221
2224454544544434466554544454466600010000766656666771011021012112101223455555555322222100100110010
2224455555532222211100110124444454334566654555455455670011101107666656667001101112110
22222445445445322223466656554444445660000000766666566700111111111111
222224444444444323245666544454445667001000076666666666000111111211101
2234444445334466544544545445677101001001766665666766600121121121121211
2244544445443222445666655444454456671001000766666666667011121111121124454654655322222101001010010
2345444454432224466566544454454455600000100010766566666660011211111110211221
22444554545454322246666565545545466071101021007666666660001111010213445455323223100210101100
2245455545554545322224665666565545567101017677666600102101112444465433322210111010110111
23554554555455432466654654454567010101007677665667101111121122445555332331011101101111
2354545454544323234467667546544454454666101000001075667010102101002344431010010011
22244554553333210101011001222454555445545433225676565455435466600010101017776655660001111011010
22345555554443322101101101101213455455545545543212456666555445566600110117707775660011211111110
2245455455454545322546665555554545345666001001101011000766654666001111110122444534321011101010111
24454554454654555324655654560010007776766566001121011102345545323432311101101101101
23454554333310101010111244454565445453323665656544544466000010100177776755666010111211011
22445465545544553433466765554454554466000100101010107666656600111111012244545332210101101011
23545555455454555554456600101007666666701111111213455555322221211011102101
244454554544455465545454544666101000101107675666700111111112444546553322210110101101
22444555453333101001101011224545544545545443466554454466000010100077666566661011111101101
22444544455444545454454454566600017110076667710001102101224544544432101100100110
22445454454545445444456660000001766666607100111244343222100101011
2244554454545454554444566700010017766666670011101102234545432232101001111
222454544454445535454454544556671001010100007676667710011101234544532232100101001
2244454454332222222101001101122445454455454545544545545670001010177666666667001000011101
223544545532310101101012244454544545544454454546660000101007656677660000211121110
224444545454454555544555455566600011110111076666666001101110011344544433221001101001
224454554454434655545454454545454666000011010101001766666756670110210111244445532222211010101011
22444454545533566555554554532446666700001010110766676701010112122455454322221110101110
2454455555444655454544455667001010101007675667001101113444532222111101221
23454454554455555455455667010111076767667002111111123454555332221111010101
24444545545444565554455545445666000011011010176676676000101111224445453323211011010111
24444545454654545545445566700101110107566666666000101111022345545322222211101011
23244445454544454545322322223244666667666655545445554554466660100110110010210766667666666700021001011110121222244656554545545322223222101100010011000100
224554555455544554545600010011176666770101222455323211011111
224445544454455445454544454544546000000011000100107666666701001123544321321010100110
22545554322222121011112445454554555455455454544660001001110101107566666667001011121
2246545553222312221110111244455454465454545445444677010100101075666666677001011121
2245545554545554554466710101176666666666000111210236653453222222211101111
234543665554322221211102112121444456556545554555454546600010101075676670000172121011
22445555532222111111122254555554554554545546000010110766666676002110211021
2244565555322222110111012244545545545554554554556601011010117676576600011111121
224545545532222101210112225545554554555545544656000110101107566566760101121021011
2245554545554545545455454554600001101010110076666670000121123465553222222111010211
23444444454454445454545444446670001100076666666667607010001000223444544532232222222101000100001701
224454444443545554454454446600001000007657666707010101344443222221100001010
224445454554453222265666655454544556000001110766566666700010101012344545432223221100110101010
2244445444543455554454544560000010017656667710101010123445454322110011010000
2444444454445545454544566601010100075666666600011010011134444545322221101100001
23544454544544455545454445566001010010766666660010110101013454454432212110101100100
34444544654432221211010101011245544454455454545454455466001001010766667570001110111000
23544444545454322246666554566601775676600010100010343544543222221010100010010
234444445454444565454545455545670101001110017666766766000011100122345445543222223110100100001
244454545445335565454554545454566610100101100107667677101101101343545543222101100101101
244445445445444465545454546660101010766656670010111010000223444455454322210101100100101
24444544544335466554554545545666010111001076666766700110100112444445543222222110101000011
245454445545554545456000017666766000000110024453544322222221100110101
22445455432222211011111245545444655555554536660010107676660011101100
3455322222211111245455545545554554566001101111766666600001011
34545454322222222121111111124454655546545555555555556666011121011217666667600001011010
223455545445545545545554556533566000702210011011107665666567660000001010023244454533122222212111001101
24445454543212222111101102244545355555545554566601101766665760001010110110
224545455432455565555454554545466001722100001021766767070100110224444554332221101110021010
245454445322221111101112245555445456545455544465466071010111766666700010110111
2554444544311012101121255465454311145455556655545544560000101070000010110101
24455545455546545554545561010001076667700001010124445444431222121101210111
226545653546555455545544455666010111011010176770011022454433111121021
24444454454334456654544446660000076667700101101223545543221110000101010
22444445444445322345656544335554660000001776566766600010010102444445331222210100000010000
22444454454454454312234565675454445566610010177567667102172100134453532221017101000100100
244444545444544532223445666665536545460000107666666670112110101022545454322221101010100000100
24444444544444544434446554444566601000756665666670011010100102444444543221221101000100000100010
224444454444454445444454445445346666010010000076665666667667011010101023245454533122222221100000100000100
2244445445454534445655444544546660100100756767600010110112444554432212110100011001000
234454545454454454544312234465656565454545466610010076770000101111224455545432110110001001010010011010
224444445454454445432224446665554444532446666600001000075666566670101101001010022444454454322221010001001000100100
2244444544454445444334556655444544456660101001076657666600011101001003444454453222211101000101000001000
2234454454444544445443244566554544445666011000076666771000111010244445455322222101000101000171000000
222444545445454535544666601000766766765666011110101224445432323310101001100
235354323311101111224535545545454545456670011007766666667012101101
22444455545554554656000176676666660012121110022244455443321101110101
22444544544544545445454546660010100077666660010211110102344545443210101010001
2444444533323101110101123435555544555454545466607101100776766565670012121010011
2243545445445454465445667011007767656567002210110102234454532222101000110
22244454544554454445535666071001076665566671011210101013345543222100011010
22444454444554454545445455670010101076776666660011021001224444543223211010000101
234445544454544544545454566600101100076766565667101111000001134444444332431010100101001
222445554545454545545545466600001110766666665667002211110010012344444543223210011010111
224343754454445544445431555567000100100766555666001011010000022434444323100001010
2245455445554545455455456660011101177676656567011111122445322343101100111011
23444454323210100101022354454454545454445456607101000767666660011101001
22244545455455455555455456666010211011766666660001010010233544532222311011010110
22444455554545555555556666012111111766666660710211010223454532222121101010
22354544312221111102244554554655555655555660010211211766666700111110
2244455455545554545545667110176760000101010123445445321111011101
222454654555546546555554655456660111012107666660011021021010123444555431212102101111
34454545565322222101111110211244454555555465455555545554566010101011117666676000210210101111
223455454554546545465460001766666710001001001243445445432431101101011010
2345556555465555555555656217110210107661710112102125444321111211
2344545543222223112102111111243455555565465655565565556600112111766666667700211111011
224445545554555555455554556666011101111176656666700101112101112244455555322122111101111
22444444444545322223446665666554554544566700101107666666660701021012111112111211
224445465465545532222222101001100113544454445322221232345666666666665454566600017666666660701101121021102171
22445555565533222321110010101012254365444545432212344467566666554555455670002101017676667607010211112111
23433554554544432212221024324446666666666656544545454546660000110101766666666700011121112111112111
2254455555656543222222171210010003244454544322222222244466766666665555354554667001001176666666667001012121112110121
222434444455444322221222212244446756666666666655444555466700011076666666776001112111211211121
24446545654322221101012111244654554532232222323245666766676667554555445545466000010110107666566670011112111111
22454554555454553221132345665757665455455456660001110176666666666767000121221221221122121221122211
2244555544532222211001101122125456544545432222223446666667655554554545660701111100766666667000111011111
2244465555553322211110111113445555453322213444667666666555545456070010210766666677011111112111
23446556543445532222222234576657566655544545544466700001101007666766700112112121211112211
2234444444544444654653554545660000110107666666666700122121121111111
245445565556556565322222221101110111222465455545432222222243566666666666555454446566600101101766666667660001211211211211210211
244444454543444322245656544445600007667666667100010001244444533222221000000100001701
2444344544444444322222246656666545445661000076666666000100000124435453322221100000100007001
233465444544544322232566666545444556600100176665666000000001244444312222210000110000100
244554544454445444432221223466665666554446600176666666666656700010000010112445444545432222222222210100100010010001011
23455445544544454544322212446666565444445660100010766666666670010110010012444346554432322221000001010100101010
2243445544544444432436655544454444466600100000107656666666660000010100123453544322123121000100001000010
2444534453454453323256665544660007566666566600000100000000122444444545443122222221100000107010010
224433655532544444543222222222265666575665544545445446660101001000176666667000000012444454322222210010000001000000
243444755454454544543221244566665544454456600010010766666670000011001013345545443222211010010001101011
2346545454454454431223456666544544544544660010001001766666566657710110010100000344444454453212222221010000101001011
2222343766665455454545444454443222222124556657666554454445446600101001007765666560000101001001034444545432223111000100010010100111
2455444655555454556701021017666000111124454311121021
22455344666555445444467601001007676600110224543222110211
2245543111112245324556565544567001776000111
2254454324565554454446600010007665666667001101022444532222122100011
224545346566545444566001076666700110112245453221210111
24455545555454560710176666700111212445532211210211
2454654346565544554660010117666666610021021235532221101121
224554455545455454455460000011076666667001111022445553222121210210110
224655465322225566656656544566010076666001111211244555322101112121
35453212111212246554455655454667107667710121021
2244532221112122246553565655454454670010177666701011
22255553225556656544456660001766666600111021244432221012111
224454455544354566555534554566700010110766665676100111010022244455432223111101101011
2244455545323356666665553556660007667000101111012244454553221110111101
224444544443466666555654555566070102176660700211110111335446543221121011001
224445454545322445666655323655555656667010117665666670010111010110021344445465453221221211011010101
22354545455532245666655554554545546176010011100756766000101111102234554553231211110110110
2234455454435436566665445654667001776670001112100100223444554543210221011721001
23244554545554312223456666666555454566700107666070100111121012234554556543122110011101101
22244445545453222446656665335546555656666001010176666666667001011121011102233654545655543221222122101101011010
22244454554532344666666555555545356677001101176666670001111111112324545555431221111101110
23454555545322224466666666554465555656671011121766666761010211102134465465532222221102111101101
223544554322245666565555455465666002101017665666660010111110222454546532222122101110010
24354545554553221222546656665655556546671017676710101111112101023445555555543212210111021010110
2244545545544446655455566000176666666656001101111011012435554554532222222111101110101
2454554545454544554554545455454660010101010176666666660011021021101102244545555532222221010101011010121
223355555545544554324656655546545566000100210076676667556670010111021011123444654554323222322102101101010210210
23445454545453345566554545454566001010107666666676600101010011010234454545532232222211110100101100
2244545544545544432565655445544546660010101076566675767001010110111010243544555455532222222221011010101010110
23444545445443222223211101000110012344544545454543135656544544454545660001001010017666766566566000001100101001010
23344544434443222101001100000022344445444453212546556554544554446700001000177677700070000100
2334544454544444554545454566600001017665666566670710010100101001123444454544543221222221001010010001
22344444554444544543324565654454544466670001007666767007000010000101234444544544433222210101010000100100100
223455454545344655454545454660000010101766666666760100111101234445323222101011010
232444553544544454655545455660001017666666666700011010101110122444545545453221322221100010100100
23445445554543446556554545445445660001001001075756666700001010110012244445454432222121010110101110
2234455455455554445656545455455455667010101101076666667670010111111012243545454532222211111101111011
244565555322322322110102100102445445545446554555466101021076676667670110211210
24555465444655554555560111011766766760011112255454322232111011111
2444445454454454545446000001075676670700001002444444432322121100010100
2454545454544454561000176666666700001024444323222110110101
25454554545455560077666070010112356544323222110110111
24456543322102111012445554653556545601077600001011
244554545322322232221111001034454545545545455455554600110111011000756666766666700101210011
2444545454545455455545456660101101766756670112111110134454546532221011100110101
2445454555453655655555554566601021021767756660012211211101224545554532211111110111101
2444653654655454465555555545566001011117666766565667101212111110224446546532322221111111011111
222545545455565655555555456560011102107767665566610011222111111222555555532322221012110112110
23654555555556553222566566565555556610012101766656660021221211111244555532211111112101210121
22454456545555555455555545556660110111766666676656667112211021110212444654555322223122121101111021102110
2244343444444443456700700756757660760000102344332222170000
22444444444444434566600000075666666666607000100123444432222122100001
243443445444344546700007666676670000101344433221017001
243454432222222210000012444434445445443444456070000707666666767000000010
234555433222222100001134444444444544443466660000000176666666766700010111
2234444444444444444445660000000007666665766667070100002234453322222221100000
224444443222221001001344444444544454454456000000017666676660700001001
22444445445444444444446607000000076666666667701001113345432222221010001
234543222211001243444445444444345467700000007666666760000011
2443443331100010134344534344544444536660000000766676676771001001
34445545322222121000100124344444545454444444444466700010000076666666770000100111
234444454445445444535444660000000000076666767007001002234443322221100010
23444433322212100070023344344444544444434446670007000076666677770701000
25345453544545435665455454666601011075566566701101110121011222544653655321221001000010121
22560
2224444445365445454554532122100034334465666566666545666661100767760070000100010122344545444444323210102101011000100100
22223455655555655321211444654565656565545454454666600100101017676070000011111222354555544322111010111211111
223444444454554555333456666656556555535565556666600001111111117766760000021101213435445322222211001211011000010
23444545545534655445445455444546667000101101010076666770071011022234356532221110110111
2244444454545444354665455454443555556700010101007676667070000000100000123344454444543231222110010111001001
224444544444322234466766544544444666001000107666666766666660012112211211212121
23435445444454433222234467666665454444546600001001076676666666567660021112112111211221011
22443544445444532222346666666545444456600001010766676666766001211211212112111
244455545454544454545354312145456556671001000177667676677600212212212121211211211
24445545555554323232232211110110101010102124545454545454555322122456557566545545456701101170766766677765657002121112110111101
2345546555555553323232222100101010010001012444445454454455432113446566565454544435465600000011001776667676654666656000210111111211021021011
2355455554554545433222222211010110101010211123555454554545545322122111135456556666566545454545666101010107666667676000000101110111111
2234444344444324365434444344344466707070000700766666767070070700002334343443223100000000000
23344344434443443444443443346567700070070765766676070070070071233443444333222100007007000000
2343444444444431024344565434434444566007000070076676776000777000133343343321000700000001
232333332444343433222217001000000013444444444433224456534443434446667000700007766666566700000070777776076001
243454444444443324446544344344444666700000700700766677070070007113434443432310000000000101
22443434444434444434434443444567070007000766666767770070070013343443432322217000000070000
23443443444444344466666666667077000007000023443443443222310000007170000
223444444443434444444344456660000007676667670700000001223445443432221000000700000
2243434344434344344344434444667000700700707566667677770070000333434332322210700700700
223434434343322222210007000007224344344444434444444443444466770000000766766676677000000707700
234444444443444322435565434444444345670700700000076667700007070700002433433443310000000000100
243344434343534434434444356670007007666766677070070070023433433322100000070000
224443444444344444444444444444667070000000007766667770700000001344434432322310000000071
2244454545543132222101101012354544544465454444556600010101766666666566600111110110100
24454554553446655454555670111010766666665660011121001112444545532222221011010211
244444543222210001010344445444455454346566600101017665666670110110100
2245444444434654454454445660010010000766666666656702111000110224544454322122211000100
235544545544324456665454554556701101011076666565660011211011010224454545323111010110101
2444545445344665454554556660102101011766666666711111104354432222101001011
2244554534346544544456660100100076666656660110110022245432321011001
2244444322311000102244454443446654454544556701011001076665666566710121100100
23454444543455544545466000100107666665666001110010234454322222100010010
224544454443445455444454546600100100076676766665760022211110110134454554432223101000010100
4445455443222221010010011244454544532221345666565454454545445660010100100117766766556567001211011010121
2244544532221010101225444544444654445445456600100101076666656600101101001
244454545454434465655455444465660001101017666765666711011110234545322222110100210010210
222455444544545445445432121211112455545665656565545445661001076670700010010011244544544543321101001010100101001000
24444544554454554532221221212224566566656566656545545545454466601010101101767000111110124443100110010011001
22445444454445445432122121022445565666565554544566100017666677001011010101024444455454543212110010000101000100
23454454444454432212222234666666566555444554454455600101010001076566566666600011011100101112445454554455532212222110010000010010010
444454544544444545432212221211076224334465665666566655445454454456000100010007666760110101011231100100100111
235444544454544543122122122124465665665665655454454660010176656667000110010010101235454445454532221110010100010001010
244454454545444545444545454545545455600000110101176665665656666001101011101100134444554553222122221010010010101001101
235454554554545454325665554545545466710011010176666566667010210111102124445455532123211101011010110111
244545444454544544543221222465657566654554454446660001001010766666666600001011101002134454554544322222221010101001010100110
2454545454455454543246565545545544546600001010117666566566701011011010110224454455453222222101011010101101011
222544545454544545455432356655445544545544556660101101171010107656656565565667010210110011110102134454555543212221221101010101100110010
24445544454545454545443222144666566655455454554545556701002111001011076666565656700111021010111021134545455546532221222110100101101010101011
2255454554554555455322222566656655465455545545545607101010210102107656666656666670110101110211224455555453212222221222110101111101011111
222255455545455454532222356666665455454554545545556710110101101011076666656567001101011111121211445654555555322222221100110101110110
2445445454444432224566655446600766676770001010101124445454543322210101000100101
224446545454544321221345565665665545544661000756667670001010001244444553222221110010101010111
2244445445432222110011101124445545455322356666545454566010010766666660001101010171
24445445445454446554654546670011766566666000101110112444455322222210102100010101
2544545545545432222465675666555654566701111766770000101111112444556545543232221102101021011021
2243456545545455432222121444566656666654555445554560010110010766760000100101010244444554432222110010101010111
224444554454532123224566665665554467007656666666600021101111100010234454455455532221221110101010010
22455554554322325666666554545454467010010017666665700100210100234544543222211110111021
2444455545543222223111101111110123455555454654324656655455455545600101101007666676670101101111010
2445455453235666555545544566001001117666657566660001111111012444554532222222111101011
245444545322236666665545555444677101102176666600121100210244545431211010101
24454455433246666655555556545546600110121111176666665665660012121111001244445532222222101117110
2354554553232466676655556554567011111766665665600121211211112454553222211101110
244544545443222236656666555454545454661001010017667667000111010102444454545323212101010010101
2445445445323265666665455555545446701010111176666666701121111124545543222211101101001
2444545555532222246666666666555555455600101102107676700111121124545655432232211121111010
22335345444545322322466666666545455544566600102101117666666660001111210101022544445555532222121011001007600
2245444465454532212210110100002244444545432222346666666654555555345666701110111766656666001111111010100
244454554322222234666766656655555555454546000001110211076566660012111112101244545556532212110110110
24445544545554554545544566610101010176766070000001024444443232221101101011
24444533222121101112444455545545545554336076650001110176667007010001
32444533212110101244444455445454545666010101075676700000100
24444545454554445455445454560000100101001765666667000101003345443212221101101011
22444555555455554554546600010101176770000101244445331211210111
2344554545454545454545454566610010101010766770701000001244444443212112101101
23445444544445545445545566000110010767700000000022435444432311000110100
234454554545454554554545566600110111007666566770011100210102444445554322222210110101110
234444543221111010133454545455454465445556660010111017677000001000
2444444545322112324556665666545454455660000101176666666666000110102244454322222211100101010
2225454454545322222446666655545660001766666001101012244454311001010101
222544454445432222121222355665666665666544545444466600001000177667700011010211344555453322210010100010
2344455444545543212234456666666544555555546660001111111076666666000111010111234545545322211011010101001
22455445444532222234566666654454444466070001000766566567001110101010224454445432210101010011
2445445454454443222212324466666666665444544456600000001076666546566710111010101244444432210101010010111
24454455444545445322222213456666666554454544546660100100010766666665670021110100122444554432222210000100110100111
224435454444444445444444535444566000000100766667666545570010100000000012353444433232221100001000000010
224444444444444454444444454444444566700010000100007666666655660000100001101022245454454332222111000000000010
22444544454444544454454444454454666000011001007676666655670010101001000001223454444544332322100010100001001
222246554454544445444454454444444444445667010001000000007666666655660010100010710022443454433222321010001000100110
224354454445445454454454544544534665676001101010101766656675556700101100100101124354454543231222110010010100100
222444465444454454544545454544434656666601010100176665665655070001010101010101002222344545545453312212110010001001010
2224445454454454545454545454445453665670011010010007656654667001010010010100112244444465454432222110100110001711
222344455454454334555554455444466660001010010767666556600010100100000222344544543223211100100100010
223444654444544544544454544544454325554546660010000100010017666665666710100100000002324444444432222110100010001010100
234365454454545454545455454545454454466670101010101011017666567556567001001010100112244445455322222222110011001001101
234545545455454544555454454444554546670101000100110176666666666660100010110011123444555544322222222101011010111011
22444444444544545444545445444566600100100010007665666566660000010100102224344453222322110000100100
2445444545444454312144566554543455466600100010076666666755670110101100123545445332223221010100100010101
2245454445445322446654544311254555466700000010776666756665666001002171001022444544543221232222210100100011
24445445444532244666544544312255565670010001076666666667660000000010213444544332223222110100100101
2344544445444332265665445444314554566600100000100766666666666670011010010224444545432132222221010001000100
2344544544332222222222110001000102244445444443465544444310445545666000000100076666666665666671000101000100
2444544454444321244566555434455666001000107666666666700101001011344454453232122100100100011
234454454445445453231555556670001000766666666666000011010011344454543222222221100110001
22445444544444434465444546700010776666666657600001010101002354455344312322232100000100010
244454545445445443222244666666544454444356670710000107666666665677010011010021344545453222222221100100101010111
2244455533223222210100111022444545445322222565666654545443265454666000001010017666676767000101010
224455445554454544532222224566567565445444544544456701000100001001767676770000001101123455545433323211100101010101011
2446545554555555554555545654567011021021076665666666701110111211011234465555546532222222221012111011102111
244555546545554312556565565455555455455466000110110210176666607001011111121235655465455432222211111111011111111
2444545533555655455555545555554656710111111011102176666666670717211121211224546545553222221210111101011
22455555554655545556555546545554567002101021776670001011210121244565545553222221112110211021111111
255454654555455455565455555455554566001012101021107670000010112122255654545332210210210111012101211
22456556555543123121111121112445554556556555545654555600002110210767607101112112121
24545555555532256565665555555555545546600011101102117667676021001111212123556555453312211112111112101121
234555454555544446566554554454670010010176766770000011102111224546545554433223211111101110111
2344665454453222456665655445445567010010176666666770170012243543222222311001011111
2232444676655555545322224466566665545454444466700001001007670000110124444453211101110121121
2222344675555455543222224656666566545544545444346567600001001010101007600700002234443311011011111
2224465565455555532231356666666655554654565455466601001111110217677070101122134446754443222111102111011121
223447565555555543223656666665546554545666001011110766070701011224455432322211111011121121
22346555554532236565665554544554324566607010701101176070007700012234444433211011102111
223465545554553224656665554655543656670001101776707000100101023444544544322222111110111111
22233576565545555545322223665666565654545555546760110111100077766767767113222323243332110110111111211
224545555453565545555545445667001101111007667670707600222433333223111010121021
22444654555455544456654554544466600000110767760007001001113234444567543332221011101111111
2244445545454455324655545444454444344467700070010001001076766777540000022333223221100110101010
2444553554554545465455546556600011111766666667607001101111213246545554432222222110110110111
222455454554454655555455455545660710011101076666667770001011210123346555454322322221210111111011
2345655655543232223212110211021121134555555465346565555554466700110177666676700000211112121
2224555455454565546545555375546671011101766666667710003111111210223454655543432210073221110112101
2344653356665455553322222111110210111221534546554654554655554545453256600710001017666666770010110012111111
2244544455454555455555545566000101176666666670001010111011234545545453222221222110111010110
2445455545435455655455545544566701001101107666666676707010111210211324555556544322232222210110111101121
23454454544545465544554534656671710117656766677170100110211212124455565455543222222211101010110101
2355355545454446656545546555456600011011121766666666700001010211212233566655545322322221121010111011
2244455455555533221110111101101122445454554545532212455666566655545667001176660700011111111011
24354545532246655554554545545455661010100110101766666670010001012444445432222121010101101
2244454454553212322222466666566665554555454566701111110766666700111212101211211
222445346543122211445656566555545456701076665666701211121021121111
2234444554544543122212245656665665554554556601101176656666566660001012111112112101211211
22344454554543322222222222465666666666666654544456710001766666657600012112112112110211
2344454544432222222465666666565454554544667010110017665666566676012121211211210111121
2446545555543246666555454660101077670010022455332222102101111021
235546545555443666554554553666601011101766666677001012122446565532222222221111021102101
2545555555554332324467676765555454544660010101110766676001112112455655332222101210111102121
2244555556544653232366666665545555610010211766766760001112223466655332231310111102101210
2445554555544655432246666565545554544671001011017667700001121224446755533322210111111021010111
24445555545545446654554455660101011766676070010111112124456555555323222212101110111101
2244466555555555455543233224666676755545454467100101010766665656600012101111011111102344475555554555322222310210102101021102111
224455555546545554532222446667666555455544466001001110766766707100111122234665655543223222221110111101111110
2354655455545543322256667655544544660010101776676070010111112446555544432323211011010111101
234434454444444444432104454654444444443335567600070000700076667667770700700001224344444333322310000107000000100001
22244544454444454444444444453454443443466770000700076667607670770700001234344333343221100000000000010000101
2224454544544454535445445445444453544446660000001000100766667677770700001243343432332221001010001000101010
2324544444445445445444454544544545453224566660710100100010765666667666660011101001234444553323131243101000010100000100000100
22222544444544545444544545454554544466600000101017666766667666766676000211111102123445455532232222532321210100010100100000
2224344654454444545444314466555454554454545454446700001001001010766666676767770000001010100111233446554554344434332223131101000110010001000110
23444444444345345444454443210245456544454444454466000000001775666665676607000000100001000122434544454454443222222222100000000000107000100000001
2345444544545445445333233111000100010010000010002243444444465444454444544544544544544544445660000000101001076676767655454555567001001010111111001010100110010
223445444444454444445322456555444544445660000001007666666767770000000000001123244454444454333222222101000100000000010001
2344444544444544444454444544445444445446660001000000766666777007000007010000023434444444344443322221100000100000100001000001
224434444434444544445444444444444444444467007000070000075666667707070070000000002234444444344343332221100000000000000000001
23444345444444444544444454445444544544466000000100007666666760700070007000000001233444444444444343322222110000000010000000000001
22244444444444445444454544445444544544444667000010001007566566666666656757660000210111111101101022434545455545553222222222221221000001000000100000701
2244545445454323466655545566610107666666011010011001023445445453222110100101001
222445454555454555445554545666611076675767600111101102244445554322222210111001101011010
234545554545545454543346656554566661017666767102101021012124445554532211101001101011010111
22445455545455545322356666555545445566660101011017656657600121111011010010224444454555453212101011101110111
2345444555454454334466655545454544667010100101007666665665666701110111010010022344455454553222222222110010101010101
22244555654555555455455322212232446666666666554654454556661010101076771011011111011234311110111111
22355455545455454553445665554554554666601110101110766666666600010211011111101213344655555555553222222210111011010111011
2344444544322222222101100000224444444444444444444444444446660000000000000076666666666676000010001000
224321466544544532222212210010010033454444454544444544344454466600000000010000766666666567001010101000
223454554322222121110010235444544455444453444356670700001001766666666660000100110
2244454445454432222110100170122444445434455454544466600100766666667001001010001010
2244544533122121100013444445444454444454443456700000000100007656666660700100101
224454544321222221010010224444544454545445444566000010100176566565666700001010101
22354545321222210101022445454454454454544456000000100076665667710101001
22444544544532221210100123454444455444544444466600000001017656666607001000011010
224444454322222222110010224544444544444444444445670000000000007656666666600700001001
244444443222211001001224445454454454544453544667000100100176665677701001001
234545432222211010122454544545454354445466700001100766666676000101101
2224444554454432222121010011001234446543143465555445444444354666000000000107566666777000010100010
22444544544322210101012444444455554454544544556000010100100766660000010100001
2335444445445432222224656566565544544545466000100010077707000010000022344445443310101001000010
2234444433222456566555454454454545670001001001776700700000000224434444331101010000
22434544545322356565545445454455566000210010010176666770000001002344444323211010100010
224344544444321222456565565544545445445454666000010010107656770071000100010002234445445444312211001001001000
2344444544445322135565555444454445454445670000010001000766600070001000000102324454454444322101000100100001
234454445322224565656545445544546607011001776676070000000100234444444332121010011001
2344344322222101001134444533222244666665654454455445454545566000010101010101076667607000701000
2243444444543224465555454445566660003101000766767700000760210002334444444432222101000001000
23344445322222222324466666666666545455444545454546566600101011001010100767670007017123344433211000001
233444444311010122244445453221222222322465665666665666655545545554565670001210101011077000000001000
2244444445445322222234656665666555454554566600000211017700700010000001244344444533101010100010
2243535434435353444444444325666600000000076565666666666667676700110100010013444445445443223222322121211000000000000
2243653444444345444444544444454666000010000077666676767070701010101344544444333223223100000000001000
24554555444433232232222110100110011244544454455454545454666601011076666666767707001001011121
224445544555443332232110101010110111224554545454545445455445543244566567001001010107666676670700010001021101
2444455454554323232222223131100000100110224454544453445454445454445666001010001767666666676676700001011010110
22345454444443222223222121000001000022444444444454444454444545322565677010000100007566666666766600070001010100
2224324666654555453323222322222222111100101000121434544454544555543466544556660010101766666666766676770000011010211
234554454444332222312221011010111222465545454535455454545444456670001010010176666666667760000000101011
233444460754454445435554444544432455566670100010000176665666667667700101010211211222444655655455432222222221210010010101001
2225455455544654343322323222223101000100000100102244534544444453454554454445546666010010011766666676676676777001100102111101
2244444544432245565544444666001000766755560710000101010244444453223210001001000
2245445445432244656655454454466000001077556700101000021013445454332210100100101
22454555455432212456656656555453456600000101765656701011101101224454554322210101110111
2244544554432245665655454544566710101017766654665600001011011022245454532222221001100101
22345555455543222124465665666665545545466710011017667700101012244454532231110111011101
22445444544543212121144555656666655545567011010766656567001101021010224454543223210210010001
22246544545453245466565655554555567002111107566666666000101110101122454454554322212222111100110011
224454544544322124456665665445545466600110107666666667001010100011224445544453222222210010010101
22356545554454312446655655544545660001101776556570010101010102124455445433221010101101111
2445454545443212455666554454554660010011077667554666001101101011224545543323110101010111
2222466545545455322221212454656665756654555445554560001011010011766546556010011100110101244445453321001101111
24444545545432246566565545455455545600010110101766676656566711011110111224455455322321221110110101101
22355554554455322221221245566566566665454554454556001010010107666676070010111022354545532322211101010110111
2234654554545532322221021001102101122365455454555445654465455444556560017110111017666666666670112110111102100
2244455445554546535554555545546666672111011102107666667666710112101111012243555456554323222221100110111001
244545545555455555555465546660111011117666666667111210121012254455553222222111101111011
23454554546544555454554546545454556660110101110117667666676601111211021011224545555555332232210110101111010110
23453555544545545546545555545555566661111101111101766666666656700211211101110112354554455533222321011101101011010
244444545545455445465545554554556660010111011107667666666567001111210111100123454454555532322322111011011010101
234545445545555545545445566600011011101176666666700111122244532222211101001
2244454545455454555455545566001011101117667667677001110123455453322322221011001010
224444444545454554555455545566661111011110776666767000111012444455332222321101010010000
23454554322232223101011001022354454454534656545454455666001010110076666766667701111011
