2234445545454455446660001001001766665676600002222222222221
22243445555545554654566600011101111766666666660012213212222221
312223444556555454555554456700002110110111176665666666700122222222221
2234455545445545454545545454466600011001001101010110176566656656656670002221222122212221221
2243454554555454554545454567010010011010110107566656665656660001212221222122222121
22334445465544555555454556701001110111011176666656576670012222221222221
243445445455455454545544666000101001101011176656665666570001222122221212221
2222222444454555465455555555546660001011111101121017656666656666770102313221222221
22222434545554555455554554566000101011101101117656666566576600021222222122221
22223344555554565455556545555455546600101001101111111021011176666575666656676000212222222222222221
22223344554554544545454544466600000110100110100766656666656667001022222222122221
223222222212444444454455445554660001011010010766666675456000101
222222222222224445454545555567011101010217665756666560001
2244445444545465465667111110010766665567101122222221
22244444444544544534567000001000010756565666702112212121
222344454545545554466600010110111766666566656660012221222122221
233444444455454554544566000101010100021000756655665666710212212212221
22344444535544545445660001001000100756565667002122121221
2344445346554545456000000002101766565666000022222221221
22224345544565355655566002102101010217665666566566710221222122221
2233132221222434545554455465545556000102101101011176566766557601001
2222444445545554554566001010110117666566666002212221221
2222312222222345445455455545566710110111101766666565457000100
22222344454545454544456660010101011001766666665666000222222221
22323223443544444544554556600110100110000776676701
2232222322343444554455545555660011012100111000766766666000
2222222222223444445544545455465660010111010110007666666566701
2322234444444545454454667001101000010076666666566560002122222221
222322222222232224444455554654544456660001011101101077666666666666001
22322232233444445445454456700101001010767667666071
22222222222434444445454554566001001110010767656666700
232222222222224444545545545446670010110110176576666666701
2222222233434454445455555566600111111101007776566656660002221
2223232434444454554556565670121121101000077666666566000222221
222222222324344345445445566600121001000776666666666600221
22222222222333444444545655666002111110077676566666771
222222222222222224344445353544444444466600000000000000007665766666657700
222222222322222222322444444444444344445660700000000000076667666666667666700
2222222222222223444444444444444354466700000000000000076666666656667010
222222222222222224444444444444445444444444566000000000010000010710076666666666656666600121
22222222222223343444444444434543245566070000000000007007676666665667010
22233133224444444544443454443445660000000000000000007656667566666666570102122221121
32212222222244344444444444444445660000000000000007666666666656666001022221
3222222222122222444444444444444435434445670000000000000000007666666666666667011
22222222222222434444344444444444345466007000000000000700766666666666000
222322222222222223344444444444444444444444666701000000000000000007666666666667666500001
22222444554454445545467101101001010766656566601122221
24321222223344455555545555567101011111111075666666670021
222334445544545555555670021121101011101766656656600122221
232122222444454545545654546670121011101011765665666567012121
22233444544544455445467601110100010107666565665600101231221
2222222224444555554555555600011111111176656660001
2332212221324444545454454545660101011001010766665665665660010211
2223444444544545445455600011010010100076655656710121221
22222224344444545454554556600111010110100765665656570011211
2222344444445545455545660011110101100107665656556660011132121
222234445454554555454456560001021010111011107656565556600011212221
222222244445455455545554555556600111011111101111017666566565665600121221221
22222222222344444554545545455456660011010111010110766666666000
222222222222434444454545455545556600010210111010010766666666700
2322222233444555555655555546660011210211111111776666566700221
22434545454554545554654555660010111110111010117666666666700222222222221
22222234444554455545554555455566000101110111021010117666656667001222221
232334445444554545545455554567000110110111011010007666656667000222222221
222222222222324444445545454555545554567010111011101110100176666676666600
2222222223232443444554545465455555554656000101111111011021010077666666665670021
2222222222222222223434454455555555655655555556566001102111121111112111101076666666666666667611
22232222222222344455454555555565555556556666011112111211111111111076666666676000
22222223224344544454555555654655600111012111111010776665766000
22222222344444544554555555555567101111021102101011007666566656701221
22222222222222223445445555554555455454666000110111011110121076666666666666001
22231232123222444445545554555455445660000001111110011107666666666566654700122211
2222345654654545545455454554456660010101011010111001176666666566667660122222222222222221
22444555455455454554554455545666001010110100111101101176656676760022232222212221
2222324444555455545554554545456666000110101111110111110766666566666656600022212222222221
222222232222122334545454554554545554555454656701011101101110110101007666666766700
22222222344445546554555455545555445566701010110111111101111107665666666666560010222222221
22243224446545454545454554455567000101101011010011766665666666760002223222212221
22223222445654555454554454545446567000110010011101101766656666667600222222221221
22432222222321222344655454554545545455444546567001001101001101010117666666667670011
2222223222221222222222224455555455545545546545566701021101101110101176566666666666766000
222333444445454555655565565656701210121121111111107666556556567000111221221
2433222221213344554545555555455455466600101011011021102101766666656546560000111021
23222222122233546546555555546545555455454556660100101110111011010211077556654655656070012111221211
22222322432222334455546545554554455466600001101001111101176766656655666717212110
2233231233444545445455455545455660000011110110102100766566556660000210111
22222222223445555546545554545545455556700110101101011011111766655565465670010102112221
22312223443344454554654565555455567001010111111111101766666656556566000021112221
232122232212244445455545555554555545546666110101110111110111017666656565565570001111211
2323222122434455455455545554555456700101011101101110767656555565700011111221
22222222222344454444444454445446600001001000000007666665546700001
2224444445444444544445444444466000000100000000100001766666554557000011022222221
222222222322444445445454544544455660001010100101001107676666654660010
2322222322122122444445454545454544544466600010101001011010766666666665670100
2222322322244454545454554545445466001000101101011000766766665600121
22322222312224444544545445455444544466071000101001100100176666675546700100
2222223221222444444554454554544554345667000100101011001101776666655466070101
2234444454354465445445454544445446660011000001010010001101000766566566666655467000021222222222122121
222232232122244454445454454454545445445467001000101010010010100176666676554446670001011
2222222232222123444554545554554554544546660010101011010111011076666766666600
22223222222222124444554545545454554454446660010101001101011010767666675666000
2332232222222344445444545444544544444560000001000010010010007666667665455070010001
2223322212234444544544545454445444456600010000100100110100766676665457000101
222222222222222445546545455454544366660000101210110110766656666555466600101021
22223223123445554554545454446660010010101101077665655465700101121
2222222322222445454554455444456701001021000100767656554565607101011
2222223232224454435544544654445443466600101001001100000007676666545444455660000100001021
222232222122244554554455454545545545444660000100110101101011010766666665455456600010102121
22232222222212224445545545454555445445660000101010101101107666666565456660001011
222322222222222222224444555446545555445560700111011101110756666666666676700
22223544555465455545554545545600001010110111011117656666656666666000022321222222122221
22222222334445454545455454544445456670000110010101101101007665655554667001011121
232222222222122224444554455545455444545660000101010110110176656666666760000
222222222222222223445545454545454544445660000001010101101017666666666766600
23212222222321334454454544554545454544456007001101001101001100766666656555670010100
2222222222224345444544454455444544444466700100010001001010010766666554545660000100100
232222221234544554545555454560001011011011076665456701000
222322122344445445545455455660110101010101107666665454667000121
2232222122445544545545455466001011010110766765456701021
22322222244554545545554455660110101101011107666555660000221
232222222445545545545545456701101011101101766665544660002110
2222232224445454545554454556710110101101001176666554670101
2222232122445454554555454566001101110111076676554546000101
2222222322221224354555454555455545566001101111011101007666666754546607110
222223222444454545454555456660111011010101176766554600001
222223222223444545455455546556001011111100117666667544566000010
22322221224444554545554555670110210111011765675545771100
22222222234444545455554555560010210111010101766676545570101
23222222124445545554555454545671001011011101176666556660022110
2222232222223224344555555565555556660111111211012111767666666756700
2222232222322322344546556556556556554566701121112111212111076666766676566010
22223223222444545556555565565555546600101112111211112101776675700
2334454455545554555455544670001110110111101017666566656665677022221221222212221
22222234555555555554555555556601111011110111102176667666012223121
224312212234454455555554555556666111111111111017665656656567002211111
2223222222223223444454555455555555565555466000111111211011111111007666675665607700
2222222223444454555555555555555456001011011111111110110766566666654455500117071222221
2222223244545455546545455555455445660000102101011111011110176665657002121
222222232445455455546545555555356666010210111102101111101176666656656666600222122221
2222222222224445455465455555555554656000021111111102101110766656656670121
222322212222234544554555455545555566000111111011101107666665566600011
22322222122444454545545555545554566600110111111011101076666565546567000121211
232123222224445545555546545554556660101110210111101117667655556660011121
22322322222222445455445455454554454545670001010101011010011766767665566000121
2223222222434544554545555544456566600011110111101011076666546670101
22322222222234545455454565455555546670110111110111101776665465660000210
232232322122345445455545545454545556666000121011100101110217676767655556660010211221
2222222222232244445554554545554654456600001101110110110177666655660000
2222222222234454545455455554554555567010111011110101101176766554566700111
222222234444445454545545455455555667100111110011101101007665665666566566666701121222122221221
222222243444545545554565456554556555667010121021021111210111101766566666566566007122121222221
23344544545545554555555555455545554666600011102101011111111111011766566656665666565655667001011010123323221222122122121121
2222223443444444444455455455655556545566666000211021111121102101101000076666566656665666566670011222122212212221
223232234434454556555565465555555555546556667001111111111112101211112111176757566666566665666656666666000122122222222122221222221
23455553222122122212212112122234445455555554655555555555555545666666611121011111111110121111765665666665666666654567600101110112121121
2234445465455455455555456545465555456666666111111111102110102101176656666666545676701011210111222243466553212212212112111
2224444545454654455566011011011101075565556556566100211212121211
222332221221222235455545555455555455554555554554660001101021100211011111101111176656665665666665656666000212122121211
2244322121222124445545554554555554565455546660011021101111011110210765665665665665667601012112121221
22345456544545545556545555545555555654466000111011101111111111111110765656665665665666000022131122112432222111121
222244544546535554654566661111011021176665656566566565665656566000011221221121212122231212221
22244465465454655455555545554555546546600111011110102101111110210765665665665666566600102212121212122222232121
232231212244454544555555555666111111110111007566546656565565656560001212112121111
22344555545546545555554555555555454465600010110111011110121111110211075656665656566566566600021221221121222102322222101
222445545554655455545555455555455455546600100111011101110111111021076566655666656666670012212212112212433121212211
32213222234444445455454454566600100101101007666666600101
32122222233445455455545554546567010010110210111075665656710011
22223222234444454554655455546600000111101117666656007011
231321222334444544445455444666600001101000107666566600001
22312233444345445554544455670000101010110176666660001
2222222223244444445454454545670000010101076666760000
2222434444444544544454666700010001001076666667721222221
2222223434454445543365653255455666000010000210001010076656656767021222221
222222443445445545455555456770011111111001076656665700212221
22224444444454454554554466600001010110101766656656600000122222221
22334443454545554455454566070101011011010176656660000212221
22312222444454545454554545456600010110101101076666566600021221
22222222222243444555445545545444666071001011010110766656760000
2223122222244555445555445456000010110110176666656570121
22223232344556555555546660111111111107666666556660121221
3212222222444545565455555554656001111111101111176566665566601121
22222445455454654455454545455454556010011010101100110001111076655656670121222221
2222345455534466555455456601100117724311217602117665666601122221
22224454445546545555555556011011111101101107566566566566000221222221221
22235554455545455546545654545660011101111110110101176566566656656000221222122221221
2224445454555455455554554666101011101110102101176665566655601012112222221
23454455454554545545545545660101101101011010101176667565566002121222222211
23322222254544546555556556546701121121021110176765654660002111
22222234344544455454554555671110101110100100766656565655701121121
222324444544454545545455454660011001110011010010076566656656566011212212221
222222224344445454554546545660021110010111000766666566657012221
22222243445444554545545466010101011001100766665666656021022221
22222244454544545544545545660110011010011010075666566666012221221
2222222344445454455454555445600010110101101000075666566666570022122221
22222344444545445455445544560000111000110100107666666566667113212221
23224444444545545454554554660010111010101011000766656565666001221212221
2222323444454455445545545555536660011110111010101010107756666656665650002122122221
22222222434444455455455465456545546600011111111101011001076666566566566560111221221
2222232344454445455454555545566011011110110011100007666656656001221
2222222222222344445455445545546545556000210111101101001107666666656666570121
222224444445554455554555546600011111111010110075666656666657012122222221
2222224444454445445466000010010076566556670002212221
2222222244445455445454670100110107665666600121
22322444545455454554546701010101101017666575667012222221
2244444544544544445444666000100100100010765656770212221221
22222222334545545454544560000100101101766666600
22222223445454554545554556660111101011010766666666000222221
22223434454454455355446607000110101017666566660702221221
222323324454544454544544466000000100110001076765544466600001121
22222223444445545456660011101076656760021
222222222222434444454545454466660010011010007666566660000
223222222122334444554445445454660000001000110766656666670001
32212223444545544545445444444667710001001001101017666656656700212221
222223322223222324444454544454445454466600100010001001001766766675546570000700
22443322223222234444445454543655454432245666667000101010101001010076666667565466600000013100
23222222222222244444445544545545466661010100101101076666666666656660010221
2231222222222222234444544544544444443456760070010001000100076666666666576000
222322222222222224444445445445455454545445456660010101010101010011001007566656757554454667001000001
222222222222322243444454454454545554434666670011010110010010017766666666665667011
2222222222224344544346545444544311265545545660710001000100171010007666656656567001221
223322234432222223132222444454454455445445544443246667070001001001010100007756666667756567170070000
22222222222223223344344544454454444443154556670000000010010001000076666666667667600
22222222222222324444444454545454544431466666600010010101010100076756665765566700021
22232232222222223222344445554544454554544556600010011010010101100766666666666666670710
22222223344445454445454454445432355666600000001000101001010001766666566666666000222222221
231222222222222234444444454445454444446660701000100100000007666666656766000
222222222233444654555546554555465465660011101111110111210076665555546670100111
3212222223222224446554655554655465554556545667010211021111111111210107666665655554666000111021
222322122223343354455654656556555656555566000210211212111122111110707665666555556607101111
222222223232222445655545554545545465454554455660001010101110110102101001107676665655454545660000100113111
222312222222322223446554655555555555555566601011111111111111177666565655456670100110
231222222222323444555455554543456665455555667010111011110211011111076666666555466660101011
2222232324444444545465454455555455556700101110012101111011000766756555545667001011012221
322212232223244445454654545543566554554655456660002110111002110111110101107666656555456650701001111
2222323222444654555454555454655455555567711102100021210111011101107666665655455466701011712222121
24312122222222232444455555655544565555554656600011121100211111210111076666656565556600001021
2222222322334446545655455555454555667101101111110111110767565545466600010101
22222223222223546545555465455555545554555466000011101110121011111101177666656655545566000111022211
222222223324444555565455555554654545566000101111101111211011117766665665654566600011122221
22244465555545544545445445445560000001100010010110766666566666676000222232122222221221221
222445465445455455545545545545545566701101011101101110110101766666665766576671022222222222222222121
222445545554555455546545445455544566600011010101011011012107666666667670002323222222212121211
22224445454545544555455455554366666001101110111010101017666666666667000222322222131221
2222233543444375454545466666110100110017766565665656656701212121221221
2222222222231233434545445454554455455554666661011111011010101001100757666666667671
2243222222222212123444554554545554545455545466661001101011010110101766666667670701
22435435445445545465455455555667001111110111010110107566566665676600121322221221221
22222322222221234455455454554545544545566661101010101011010100766666676701
2222222222222224444454545444560000001001766666665666607021
2222224345354554545445456000100101010107566665666566000121222221
3122222434444445444454433266654445660001760211700010001076666566666577112221221
222222222333434445454656544557650012100122100007766656666566700021221
2222222222222322444345545445554546545560710011011011100176666666666667001
2222222313123123232444455555456555545465343666071000002101111111117666666666666666666001221
232122232212224334444454455555654655660001210111110100076566666666666656600122211
223433444444545454554555546600010101110110010000766656566600021222221
222222233334444445454545555555466600010110111110100007666665656670021121
2222222222344445455554555454654555444670701010011021012111011176666656665665660012122211
22322123222122244545454554555446554544566600101111011011100117666666666667021
2354435555454545555545667101111101011110076666666666002222222222221
22244554554654465454555454554676021001021011011011021076666566665666002212221222222221
22222222222244445454454554455454454554660001011001011010110010776666655455445660100101011
22222222222223223434545545555545654565546567011112101211021011010176666666666676671
24445546000011
222222222223222222344544554555455555545554567601110111111110110110176676567666666670
31222313122222224444454554555455545554466660111011011101110101176666666656666701
2223222122222222244445554545554555465455546660101111011101110111017666666566675700
22222223444545455455554654555546567011111110111111010117666656666665666670221222222221
222244545545555554553655566000111021101111110766566666656601221222222221
2222222222222344454454554545455454546600010101010101010117666666666700
22322222222244454545545454455456710101010011001766766666001
2222222222244544454545445554456560011101010100110766666666001
2322122222224445545454545554545454666010101101011010110176665656660010
222222222234454445454554555455660001110101101010075656566600011
22223213213234444554554545555555667121002101011101101766666666700
22244445455445544545545444554556000101010100101101001101765665454566000001212212221
2232221232224444455445455545554660010111001101011076656656566600101
22223222222223344454545454544545456670100101010100100766667667600
222222244445455445545454555465666001111101101011010766656665666701212222221
2222232323445545455555455554656001110111101111010766666666600221
2322221222222344444545555555455554555453366700001011010111111021010176656666766000
22232222222223222224444455545555555555555654660101111111111110111007666666666667770
22222222323444454455555454555445654555600101002101101110210011107676665666567011221
3222221222344454455445455445654555556601110021010111001010176666666670121
222322222122222222223444544554555455545554565455555670101111101110210111011011076666656657666676710
232444545455545555554555546545554546000001011101111110210111011107566656566665666667021222122212221222221
2222222222233444454555545454556545555555556660110111111110111011111011717656665666656665666071212212221
2322222223222222343545555465565456666611121011111177566666766667711
22222354554454554654446701010101011765666666665600021222232121
232222122244445455455454456000010111011766665666766002221
2232322444545545545600110102107666676600221
2224454555455454546600011101110176656656666666600122223212222221
2345444454545455460000110101017655666666671022221222221
224321222221222244554545465545554660011111011011766656665666666610211
2224444545545554545544566001010111011010076666565665546660011102123222212221
223222222232122222444445455455455545560001111011011101775666666666656676010
23431222222122345545545455445445466000110010102101017656656666555667010102210
24322222444444545545455454600100101101100766666655660000122211
222444545454554555456000100211011107656666566666666677002222222232222221221
22222223212244554654545455545600011110111077566666000
22431321222122222232434545554654546545455446670011011011011111007666566656666757701
222233444454555455545554554660001011101101111001075666566656760722222212221
22444445455445455454545445455445446670000101101100101100101100176566666656667722221222222121221
2222222222222224345445545554565546554544467000001111111101111007666656666666001
2222444445554546545555346655454545555666001111101071211021011110111765666567656770102223322221211
2223344544555454554545532665455466700101021011010101101017665656566667701222222221221
2322222223444544545455545556545444466700100001211011100210100765656666777122221
22222235444554554555545555455554660000111021101111101011176665666666676600223212231221
22222222222324454545445544545455455456567011110111001101000101766667566701
22223443545555555555565545666001112111111112110107566666657666666002222222312221
2222223344455444545465445546000001101010011007656656556556660001211222121
2222243454454445455555455671011011100101007665665656565565666600121121212221221221
3231222123253444455554555465455661711011102101101076656655565556600011110211
2232444444445455545545455545661001010110010110100766656655700001222221221
222222444455544654554545545454554546000100011010110100111007656666566565566000172211221312222221
2222224445454545554554454554546071100011000111010210766666566656665665657712111122232122222221
22431222122344445454445455454554545660001101011001011010076565665565666001011121
22231222244444544545545445445445445600001000010001100101107666665665656567001221222121
223222212223444454454545455454545445544670001010100110101100101076656666656566600121211
22322222212224445445445454545455454556601010101010101010101766666565555566000011111
23244444454545455445454544566600110010101100110100076566665555660001111223122221
2223234444444545445455455545466601010101101010101000077566566665665555660001111213222122221
222234444544454554555455454660001011010110110101076566656656665667101122322122221
2244554555454555455454554456600101011001101110110776565555455557711101111212212223121
22245554555454454554555455567101110111001011010766755555556701110210122222322121
2245454554545545545545545467001101011101101107566676665565455556701011111012322222322211211
24445545554555545545554355566000101101110101121721076666545555555570011111111121222222121
2235445455555455654556554555671001211111111101176666666655555555566001111111111124322222121211
232232222112345454554453654545454454456560711001100101711100176776554545546670110101101
224445554555454545555454555546600011101100011111110766676555455556600111002110021332222212121
22444455465455545545555554465566001011110211010111111075666666656555455667101111110222322221221221
22322222212234554555455454654544455556600011010111011101101766656554655556600110111101
22244545535545655455554555445466660021010111110111011210756666755654654655560001112101111023322321111
2244555554555455554555456600011111101110111766656554555567011101110212322222121
2322212222444444444444444444667000000000000076566766001
232322222122435655446544454446544467000010171100177666755545466610001101221
2244455545454545445467000010101011766666666660012222222222221
22222222222223454554454545455445466000001101010110017656666666655760012221
2222322322234544545544545454454454666001010100100101010177667656545660001111
222222222222224355455545545454454560071001101010110766766666601
222234445455455554455660001010111101766666566666566600212212222222221
2322134454545554544554454545670100101010011010117666567567666021222222221
32222221234444554545545444555670001010110110176666676565600112221
244445454554454554456660010110011010176666666102212222221
312312222244545455454454554444546707010110001011010766665666566600021222221
222344454545455455456600011011001766766567600022222222221
2222222222344444445454545545544567000110111001010007666666667021
2322222231222334444544443444444466600000070000000076666666543445667000000001
232222222232232223544544444444444444434566770010000000000010007766667666544444456600077660012101
22222222223222234444444444444444444466660000000001000000077666676654444457600070010
232222222222222222232244444344544434443444366660700070000000000007666666666666654444446670700070010
2222322322222222222132444344544445444444444445667000000001000100000007656666666654344444466607077077007010
2234332222222222444444454444445444444444666610000000000000100700766666544445670760000101000
2222232222322222223444454444444444444466660000010000700100766657676655444444666700000000010
222222223222222244445444444444444444444443666600000700000000001000007666675544344445660700007700001
2222222322222221222244444444454444444434454656700000000000010000076666666676665444444466700007700121
223223222223222132443444444444444444443446666000000071070000000007666666676654344444567007000070001
223223222222222224444444445444444544444444466660000000100000100000000766666666544445670707000011
2222322322232221234454445444445444434444466660000000000000001000766766766544444466600700000010
22222321322222222444444444445444444434444435666000700000000000000000017666676665543444445667007007001001
22322222222224454545545555555545446700101111011111010766666654345600007001
23232433222234455555555565546555546556600121011121012102111101767775535444466700000100101
222323223222243545455545555554565600002101111111011766676754443466770000010
23432222222234454444545455454544455560710011010101101010076666675444546600001000100
22233222224344545454554545555544667010111102101011010766766554456000100010
23223222222222444555455554554554545445670101001011011011011766676654444456600010000100
22322232434454444446545455455660011010110100101076666534465700001000
2343343332222212122444555455555545455556000011110021011766777755460000000000
22322322322221223444555455545555555466600111021011110111766666676754444466070000001
22322322134444455445554545554554544656701010101101101110110176665445675700100011
2233123322222123444554555445455455555554555556600070021210221110117022210110100757666765554444446600000001001100
222323322212434454545455455555544666001101111021010117676676544454660000000001
2222222234444455554554654456556771111111010121101766566665656560001221221
2223444454545545655554466600101211021721011007566665666565460002212121222221
223224344454554555555546567011110211011101076666566566671221221221
22222234445445545545555555565600021111111011100107666656666556760122212212221
22222223444445554546555565455465556600000211211111111111017666666656666556700222121222221
2222222444455454554555546554555555660017210111112101111101017666656566566657002212221221221
22243544445454545554446555660000111111010101007656566653667667021222221212221
2222223444445465455545555655365667011111111110111017666566656534476677011221221221
2222222444444465445455555431456556700010111101011011075666654670002221
222234444544546545465455556546660021011121101110100107656656665666666102222122122221
22222322444555546545465554555556661010211012110111011176666666666660122222221
22344445454655555555466600111111111011766666566666566702221222221222221
32213444455454554454556710000110111000756665666667012222222221
22444454454455454454667001001010110766656766545776001212223222221221
2224444555455545545600000101111176666666555717002222222222221
235455554555454655325566670010111011102176666666607122222222222221
222222345545445454545545455567100101110010101076666666546566607101212222222221
222222223222234545455445455454455560000100101100101076666667000
2344554544545545554455566000101110101101077567656701222213222121
222322222221324544454445454545455670010110100100176666676560000
222232223221221224455445545554554554567001010101111017666677565546771011
22222222354454455455554555454554660711011101101110101176766565555666666002212110222221
23444544554545555455454466600010110111011010766665656566660112102231222122121
2332212222122344545554545555545454660000110111011101176666566656666012101
2321222222223454454454554554554566601011010111010100766565656546766011111
2234454455455455455545554545660001101011101110110101766656566565660010112243121222221
23221222222234544545455455545554556600021010111110101017666656556566600121101
22222312222222222445445555455545555545455667002101101111011111017675666666666660121
22435445454545455545455455666610101110111011010076666665456070011222222212221
222322221223245445454545455455544554666000111001110110100176665665656566601021212100
222444554545545455454555465466000111101011010101076566666656566667112121122431222212221
22312344545455454654545454444666600011010010110110176565545454566600011010011222211
222231222225445454555545545545545456677210101110110111011076665654554566700110211121
23445454545544545545455345556660100111011010101010011766555545566000012101122212221
2232212244444544554545454545454444454466700001010010110101010000176665454545567001011100121
2222222444544545544554455454466660101010110010101007565545455677101100121221
2222434454545454545454554454546666010101010101101001107665554545567000011000211222221
232231222444444546565555445545454554546660001101101010176667010011111001
222224554445654546545455454554445666000011010110101111176656665455667010011211122321221
2431222321234545454554545554555465456660210101110101110172101766655554555456771011110110021
2344454554454554454554456671010101101010001076554545545667011010111021222221
222222222222345454454554454654455456666001111101101010011766756655455670011011
2222222323445445455545554545544566071011002101021011010176665655454556700100211011
222322212222244445454545545545545554566660111111010110101010176566665555455566000011111110
222234444545544545666000101010756756670022212221
22244444554454554566700110101076656666671022222122221
2222223444554545655456666001111110766665667600222212221
22222223344545455554655445676710111110111176666566665670022122221
222222222224445445455544654544556666000111011010111076665666566700212221
22222234454545554654446566667011111111076546667666666701222122222221
22222222222222223444554455545455666001010111011766666666676600
2223222344455445455554466667011110110110766566666560001222221
2222222222223244554544554554455666700111101010117666665666666600022221
2232222222222223444454445454555444566670101000010111017666666666660701
223335545555455555553446666670010211110102110765666666666760700232222222212222221
22234345554545555454566700011101110176665756666760022122222222221
2223444454454454445444445444566007001000100001001007565555656660001111211122221
222434445444544545445454544454446670000010100100101010001075655655655656700111112112221221
2223132444444454444544544544556700001001001000010755656565567701112111211
32122234444454445454445454454445660700010100010010010756555655566700111110211121
223444444444454545545445445566000001001010001010755546566666666001121111211222121
2344444445444544554454544455567001001001000010101007556565566667100211121112231221
222322233444444454445445454454445445456070001000100011001000010007565656655565656667101212111121111
223444444545444544545445445446567000100100101001001007555655566670101111111222221
22244444544454544544455444545456607100100100101000101075556656667001112122221211
222222223444454444445444545445445466600000100101000010000756556655656566700111212111121
2223322243434454454445445454444545666000010010010010000107665655655565770101210111111
2223444444444544544544454445445456770010010010000101000100755655555655656670011211111211212121
2312243535354445445445454445454666070101010001010001076565565565565667010121121122111121
223212222222323454454444545545445666000101110101001076676656666676021
22222222222222444445455445454545455567001101101001011011076566566757600
232122222244444544545445545454456660010110100110100017766665675657601222221
2222222222454454544545445455445445554566000011100110101010100010766666555445466600000210121221
23444454455445445544545466600101010100110010107666665666666666022122122222222221
312222224444445444544544544455600000100100010000107666566666666021222221
22222222222222222234345454544545555455667110111011000110076666666666666670
32222122222222344444545454454536545554566701101002110011001000766666666666666712221
22222223221222323444444544544545445455456671010101010100010100076666666666676601
22223444444544454545445455660001010101001010007665666757666012321222221
2322222222212223444545444545544535465455670010110011010010100766566667666701
224434535444544545454445566701010011010010010775665667660022212222221
22445454545454454454454544454466601001000100101010076767545454466000010011012324322111110
2444554545454545454454454454446600001000101010101000766654554455760110100101132322111111
2234554554545444554454454453545446670101000100010011000100766565355466001001001012343322110110
23454454454454454544445444545444567010100001001000010010107666554545466000010101121712244321011
2433232111022445454554544545445454544544454660000101001001010101001076775545454566001010101101
22445444445445444544545444544454544546600010001001001001001010001007565566676544544545660001001010010123343121112111
22245454444445444544544544545445445454567101000011010001010100001017655667655454555670101101100022123331111010
224545454544545454455445455445455445660001010110010101010102100076665545546660101010101012345322111111
24445454454554454554544545445454454446700001001010100011010101007566607545545566710101010111224343212111111
22222222222222222545554454445444454445566700001000000100100117666566665667602221
2222222224455654554554546544545666600101101101111012107656666565666566601221222212221
2222223222335554455454455544656667000111010110111776565555555465676001011101122221
2222222224444445455454454545455670000100101010101007666656556556670101212222221
222235445545455454455544554556567010011110101011001110766666665555556700012121222122222221
22323332244445445454454544454554556660101001001101001001010776765554544545456670010010010001212221
2224321222221232222324445445554545554554555454566671011010031101002100211010117766656666665655666001001
2222432222222322222344554545454544445444456660700100001001010100176667566545445454456667001000100100001
222322222222222232223224445554545454545545454566600100010110101100102107667666665666656556660711110
2222322323444454554545454544566000001110011001107666665666701211
222332232212222212222444544545454554666661011101010766666666666545444566701000001000
222322322212232222445454545545455555555546545554546567001110102110111111110111010117666666666665554566000101101
22222234444454545455545666661110111010100766566656666666660021222222212221
22224344445444454454545455445455454555666001101011010110101010100100100766665666545555770110111222222221
23444454454455445566661010110100076666666554454567000100100123231222221221
223533221212221044455665666666675555455556700111110210111
223432222212222212223445454454554555454655454556545546666601021011102101021011011111002176665666666666654454556661001001101001
223322222221212344454545554554555555555555554456666001110111111021101111110111766666666554555600001101001
2223232345544555445554545545545455660101101101011010111011010766665555455660000011222111
22231222222222234454555455555456545554555455456601011010111021011110211011101766765655565565670010111
22323232244545555555556555555465555656601121021110121111211111110177667655554654565666001112122101121
22232122445544554555454545554545545566011001101110101111010101767555455555661001102101211
2445455545545545465445545554455545545660011110101101011010111101101017656766653655554655600010210112121222322212211
2222322222444554555555555555555456546554546600110210111111101112111101210177666566655454466565710101021121221
2224444554455554554545555455555456661011110110210111011101011176667665565545555555467001010101222211111222232210
224554545545465454555554565454554555456001011010111011111101110110107676666556545654655546700110021221121102222222322121
22433322312212446555555555545555545545554545446071001101011011101111021011176677765655555555465560000111112122111121
2244454444445444444444545444454466600001001001000000001001000756756676665444544460071007100222222223221221
2232213221232122224454444544544544445454544544554466000100100100101000100100010176676656675654445435670000000001
2232223222222212435444454545454566610101001010766766676655445444466710000100100
222222222321344454445445444544445444544444546770100100000100010100001000076666666655444444444660710000000010221
23222232222222212344454445434554445444545445445435466600000101001001001000177021010107566667666666544545446007000101100
2322222223222221222444445443444554445444545355445453546660001010100010010017101070100017757566667666654444444456670100001001000
22322223222212224444544444544444544454544444454456600001010000100001000100000010766666666765455444456000000101010
22222232222234445445444444544544454444444445567001000000001001000100000010076666666545444466600001001011
223222222212224444444454444545445444454454446660001001000001010010001000076566667655454444445670000010001011
23445445444444544444444544445660000100017010000001000076666665665445570000010122222222222221
22345454444544445445444444454444556000000100000100001000010010766666567665455325546770000001102222222222222221
222322232222212234545444544445456600100000101076666666766654545445600000011011
2224554555455465555466660111111101076656565567001212221222311221
22222224455454555455545554555666011101111011011101176656566676012222221
222222222235545545456546554466660111021011011766756666002221
222222223454445545545555445656701011111101101076665660011
244312212344554455454545544544554566601010101010101011010756665565670012111211
232221322455455555545555465455555660002101111111011011176656656566670021222211221
224323454555455456545555446566600110111210101111766656565671021212121121
222444545455545554555455453466666610110101110111101110766666565600112122222221
2222345454554555455545555455666610210111101110111101075656665666600122222122121
23545655555555654555555545567010111021012110211021176665665666671212212122222222221
22223444544554454554555455554666601021101110110101100107656665665666000212212222221
2222444454454445544466071000100011765666656656700212222122221
222223445545445454432655566700011001010107566665670022212221
2222344554544554465660010100107665566700122122221
232444445444544454454546670010010001010007666666545760000222221222221
2223244444545454545546600010101010107665666660002222221
222234444544545454554555660001011010110107666666656666000222221222221
22222222224445444545454455446607110001101000766665566000121
2234535454554454553546660010010011011017665666546670012122222221
22222444445454455454554456600101010101011007566665535377070012221221
22224444455545445554544666001101101010110765666600212221
2234454444545454546545656600110101011001075666665566001121322121221
22222234444445445545455544667010101011010010766656666700222221
22222222345544545455556660011101100766660021
232444545455545455445455660010110011010110176666656670022222212221
222223344444545454445554545545467011001101011000110100076665654565700211121
22223222434454554546545545555666011111101171211010767665666702221
232222223344444445445445445454556670101210010101000010777656566566711111
3222122322435454556545465454655456600021110111021101117666665565465701010211
2222232434444545455555456545660011111021011101007766656666670222221
22324454445455545455544654535556566001110210101101110101101076665566566566557002121222121221221
222222434454445455445455455555666011110110110110010110766665654667111221
22222222444454555554445566671010211011017656556566701212111
222322212224355546556546556545555655446546556600010210210112111111210765565576172102112101
231222222434444455465455454554660010011011101101766565556556701011101
2222222222344445554555655544566660010212110111111766565656556567011121110
222222243445445455455555555545466000101110121101110110176656566556555566600021012101321221
222224434544545545455544555666000110111101101010756565555556670011010123122121
23244444544554555545544556670010111021010210107656546555667001111122122121
3331221221234444454555456555555555660000111111211111765656656565656700111111111
22431221232444444454454555455554555465466001011101110111011010007656556566600111010
2433121223444445454545555554554666000111101111101107565556556556600011021011011
2232122224444454455456545555554566600111111111021010110766565556566600211111
3222221234544454545454322465556660000010011010076655445660001001021
2223222232244454445545444546660000011001010776545454567001001000
22333321235355546544445546600710002101077554546566000021010101
2222222222223445454545444544666601000100110107666554456660000100
2223222221234554455445445666711001010766544566600001010
2233222122244454545445455444566600010110101007675545456600001000021
2223223212224454455445455454466660100110100110766665446660001010
22222321222445454454445454454666001000100010177665544544666001007100221
2224343222444444545445445566601001001010076554556700001110001
2233222244445455454554534666660101010101000754545566600011010111
231232213444454454454554466660100110010100756545566600110011
22232331122444545444544545445444566701000100101000177767554454544566600001100101121
22322244444444544554456660011001001000766555454666000110012221
2224444444454545455445456660011011010101001765655655560001112112121
22224444444544545445545666601101101010100176556556546600111121121
2222244444454454545666661111101010766656660021221
222222222244444454545455454455454455660100110101010110101010076666655454556001010101
22222333445435454545454545554455566760101101110110101100100765555565657700112111211
222233224334444544545544556607010101101100766665545467700111760311
2224323443565345546545455546545465455666601011110111110111010110176756653666566565000121121221221
222434434445444554545555554555667101101110111011010000076655665566565556700021122121221122221
2222224333444444455454555455545566670011110111101110100766656565455670000110221021
22234344454454545554555545554556666601011101110111111021010176566565666555567000211212121221221
22224344445444544455455545455554660000110101110110101101075665656546545546600001011112112121
22222232434444545545455455545554314656567000021001111010110111000007554545456700100110
2223434444445445544555455545554667001102101012101010110100775554555465570001111011121
222232223334444444454454444545454545660000110010010100001000007676666666665665667011222222221
22234454454545445455454454544544566700100101001010110010101017656666666656666666666002122222222221222222221
2223344544444454454544544545454465670010011010010100100010007666666666566666666570102222222222222122221
222224446545445554545354454444554355660000001001000010101000111766666666566666757002222221222222222221
22322221321231222435655445454454454544454545446670010010010100100101001775666766656600021
22332221222222222222222223454545544554455545545444454666000011000100110101101011766666666666656667666670021
222222222222222222222434544455445454545455545545466660110110011011101001010107765666666666667670
222222224445454454545545455454545454556660011001011010111001010101176666666665666665667712122222222222221
22244444444444445444544454444544466660100010000100001000001000766656666666676665701122222222222222221
22232222224445444544454444344666000000001000010077665554666001101
22232222224544445454445444444454434566000000000010010001000001766655466600110
222322222224444454444545445345446660100100100010001000766566554666001100
2244322223454544454454454344456700010000001000101766665660002101
2222244545544454544545444670101001010010010766555656600210212221
22233222222112354554454454445444544444454444667010010000100001000100010766666665654445600000100210
22432466655671011
222323222224454544545545445544545546666022110101010101010011010766666665454466601100101
2344454445444544544445600000001001010000766655446670001122222221
24322212244444445445445444454445446000010001000100100010076666565457001011
222312222224454444544445445445444446600100010000100100010007656655575600011
2243222222224454554445445445444444445460000010000010001001001017665665655466601010110
2222245322221222121222444555445455545545456666610110110111010766566666666666000111
23444444544544544454454346667600100100100100100075666666766666666670123132222222222221221
233222222222212222235555455554545544455566601001101001111017666666666666676600022221
234445445445445454545445666000010110010101000766666665666660021223122212222221
22322222122222222444435444545454455453224565666600001001101001101000756666666666676001
222344443454545454555555566660110111111011000176656666565757667711312222222212221
222444654545454545545455444566660100111001101011007566666666700002224322221222121
223465544322222121221111122444554554445445445454454566660100101010101100756656666666656545670001000010212211
222232222122222222224445454555555454445656660001011021011111076666666666667600
23345445544545554555444545446666000011001011101110011765665666666766660002222232222122122121
2232222222232444444445445444467001000000000076666665444446700000000
223222223444444444544444467000701000010075665444670700001
24432222232344445454444546071000001000766676544456070001011
222223224344454444544544454600000100000010007666544560700101
223222222344444454544444546600100000010010766666554446600000011
22322324434445445444454660000100010100776654444677000011
2232223244445454454444600701000001076755544670010021
22332223224344444454444454446007001000000100776665654446070000010
22323222234344445444544545460001000000100077667544446670000001
223322323344445445444456001700001000776665444466700000110
23223223244434544454454446000000000010007676655444670070111
223322332345444454544444660001000000100776655444560700000101
22222232343444445444454445467001000100000107767655444570000001
222444554454554454554546566010111010101010107666665665600122221222221
224355454554545545545667101110110110076666656656671212122222212221
223455455455454555455566001101111010111766666656665700222222122222121
2222222222344544454455445455445545456600101001101011001010107666666666666600222221
222222224454455455454554545455660011010101101011101766566665666670221223121
222344454455445356545554544656000010110766212211011010075666666544670017022222222221
22222235455445455445555465455546600101111100111011100176566666666666012222222221
222444554455545554546545556600111101110111011076566666666601222222212221
2322212222222254545555545555455554655600021011111021010210117656666656666660122121
22223444554545454545455660011010101010107666665675667567113122222222221
222244445545555555454566000111011111107666666666712222222221
22222234545545465455555555544670010211011111111076665666000221221
2345454455555455545554666001111101111101176656666666667660213222222221221221
2222222444454554545545555446671011011011110110075655655670012121
222232334445454545545545445676010101110111010017765654565566000111121
22344545454555454554456700101101101110075656565670021212212221
22222224444445454545454555454455466001010101011010110100107656665654556600011122121
22232221222244444545445445545455555454556600101101111011010110010076666665565660001121
2224344544554545544555454446546600101010101101101100110766566556565556600112102221221221
22344445454545455445455455600100110101011010011076656555656001112212221
222233454445544545454554545454546661010010110011010101010100765655555656710112111221
22322344454545454554554554567100110101110110010765565566000211121
31222222222224445454454554554554555660011011111010110100176666566655556556000111121
222444544544545454543455555660000110101110011001076566565555500001101231212221
22222222222333435444445444544455466667000000101010076656566707007111
3221232224435444454544554345545656677000010101011017666665656677000010222222221
222222322232333445444546545454445566567770011011011117665676607000010
2444454444443544000000000000000
2222332222222324434445445454545445445656676070010011101101766666656767000000121
222222222222222232334444444555554545544444454666667600010001010101100107666665666677000011
2222332232324343444454455444454545666660700001101100017766676760000011
22222222222323233344444454654555454445445566677070110011101011100766666566677000001
22223223232232343343444554455556565656666700011112111210776676676667000001
2232222222332434444445455455544544655676600701001110111017666567607000011
2232223233334444445545455454554656677070101102110110076666607700111
222223545544554545444546660001001010101766665666701222222121
2224444545455455443246565666001010010101117666666666565700212222212222221
23444544554454553554654666001010110101011007566666666660022222221222221
223222222222123244545444545545455454566710011010100111010766566766656760021
2222222222244444444454545444554545567001001010110001001076666576701
222222222234445455445455324465546666000100110101010176666666001
222222344555455545465445554667010101111101011765756666656666001222221222221
222224444544454545454545324456567600001101001100100117666656766012231221
222222222445454455455455455346667001011011011011766666566757002222221
223444454545454554454534554666071001001011001101017666566700222212221
223454545554555453254555566700101010111011107666656666001222222212221
2222344445445545455445445667010101010011010076566666670122222221
224445545555555554555446600010111021011107666655555670101112122222222211
2224545555555554555554566610111110111011176676546546565760111211212222232211
224445454554655455545534666000102100111101076666545666001102121323212210
23454455556545554546545455454556000011011101011101100767655546556000011121012233322310111
24354565465546554465545545456600110210101010121011766676565455576601102102122222232222211
22345445554554554545545545355467600110100111171101011766667555456570010101122322223221101
22444454655555455455554554454566000101101011010111017666666655655657010111101232432222222221101
2244454545545554546545445544455670101001011010110101107666556565570001211212222222211
22244355654655555555455544656701012101101111017666666654655566701111112122323222222110
224453555556554545555544554566610101011110110111077666765655556566610112101122222222322222111
22345455554654555545545545660001011101111011076655556560001111212222232110
22222324344444554545455454554466700010101101101101007666555466600011121
2232444444444545454545355566670101110011100100076566565566670112212121221
222222444444544554555455660000111021010017666565556670111212221
232222334444454445455445455444544545660000010100101001101001010076667565554454556701000100013121221
22223334354454554554555454465666000102101110111010107766565666655556600010212112321221
23322122222222345454545455554455567710102101011101766656665656570100111
222434454444545555545555555566701111110111121010110076565656555656700121110122322121
2232122322234445445454545455455545666000111111001101001107666655546660000110
2222222234444445545455555455667010111111011010766565666701211
24432123222444445545455545555456671010111011101100756666656560000212111
2244321222224435444455454554545545456660001010111010110101076566655566000101101
2223434445444545554555455556760011110111101010107656565656556566661012110212122212121
22222244454454545454545455444545455466071000101100101110010110017665666566565656000012212222122221
2322222234445445455545544544566000110010110101101766665455556701110110
22223223223455545454545454546600100110100101107667654554577101110
2222222222344454554555555455454566001010111011110111076666655565660011211
32222222122444454454544544545444544667001010001001010010076567554454456600100010011
3221223222222444544444544454545445546600010011010001001000766666654555600010001
222222244445455445455455545660011011011010101076665665567012122310
24322222344455544545544545466701010101011010075676546565566000121121211
2222444445455454554546545556610101101101011010107656666555660011212222221
22322222344445454545454545545600001101010101010177666655566001121
222344554545545455444545456000001100101011011017666655660021222221
222234444544454544554546660001101010100007656665607022212221
232122222222344544544546545455354666001010011101100176665666667001
22223444454555455454556660010101111101075666665667002222122221
232344535444554545445546667101010101010107665666607122212121
2222344545455454565365346660001100101101766666667702222231221
2232222222122234445445454545545545456670111010110101101766666576667701
223322344354444454545454556700101101000110076656655666001211101
222343444544545455445456670010110010101076665656666002212122121
22233454454445445445454446666000100101001010010766565655556660010121221221221
222234444545454545545554660001011010110101766656666575676002222221222221
23444445444544545455446600010101010000176566565666001121022222121
234454445454545555456600021010111010176656665656570012122212221221
222343454445454455545546670101011101100107565666566700221222121
2222444444455445555554565601011110111010007566656670022221221
22344444455454654656601111101007666656666002212212221
222234444444454545455545556600101110101101000765656670122111
22222223444444454554555556600111110101010766656670021
222222223444454544555455545566000101110111011076676600
222223344445454654555566711101111101766666001
3221222222335445455455455554465600701111021001110756665670010
222222444354444545545556566610210111010101076566665666001221221
2223444454454545454554545556001011010101010010176665666656607122212212221
2324344545455445554565456556601101102111010110107666566665666760122222122212221
222244444445455454555455600010110110101107566566677102222221
22224444445454454544544466660101010010010075655655656660011211111022221
2233444445444544454544456700100171001001007565565560000101132121
22243444544544545444544446660001010001001001007566555565567001111012312221
222243445444454445445444444444666000010000001000001007655555567001101112211
2243445444445454454434545467000010000100100007656555655667011101011243121221
2334445454454454544545666100110010001107655656565565660001021010223212121211
22222444444544544544544454454666010100010010001000107656656760002222221
2233444454545454554454554666000110101100110100756655656660011121212221
2254312324445445445454545444546660100010110001010766566600011111
222323232244454545545544566600111011010107667544770701
232223222444545454554445666600102101010107666660711
23222223344554454555534656607011110101007676000
222222322222222344444545545554555566001011110111010766666766667600
2322332222444455545555555566671102111021102107667667001
22232322322232344354322656654555555536556667011102111110000253210077666766767700
2222222322322334445544555455355660001011011100177676666667600
2232323223224444454545545554554566601101011011101001767666767701
22232222244444445454545455454566701011101101001000766567701
2322222232234544545545554555466701011011110101766667666001
222323223223344454545454545556660110011011001076766656707001
2322232223434454544545544556567101110102100100766766676001
22322222323444465445455454555456600011101110011100766666766001
2232222222222454554555554555555556661721110211011111017666665556671012110
222222223212444454555555565556556671012112111210121076666666701
2222322222435545555555655555666001211112111111176666666001
222223332322244555455554554555566661111111011011100767766656556670121211
224322222221222222444454545455555455456660011021011101101176666665766667701
23232222122243544654555655565554566671021121121021111766676660710
22222222234445455455555554545545554666600111011111101111101176666655661710121
222222222222223123444445455555545546554656660011111210121011100176666666665456770000
22222222222223132224445555655565565465466560000211211121111217666666665676700
2322222122222444544454554546545455465671010111101101010766656666670011
2223232122244455455555655554556566710111211111111766755566600101121
23222222222222134444545555454555556555565670012112111111021100117666666666667010
223322222232235354556546555565565466556700211211211211210210176666666767001
222245554554554554545444546670001101010110101176656665544544660000010100222222222221
22222222222224445554545545545454555455466000011101110101101010176665554570000100
224445554554555454554546660011001110101110176675656554667001112222222222221
234455465455554554544455566000010101101102101176756665545476017101022222222222221
2234444554455545554554545555667001210111110102101011076665756655445560000001021222222122221
222345555555455455545554556670111011101111011177566666555607010212222222222221
22444565455454554554554554554546670101101011011101101011766665666655466000000123222222222212221
222244454555455455455455445566000011011101011101176756666656677113213122222221
223232223221222122444655555546545554445555667011101101101111176666675454566000000001
2222222222345454555454555455445456660711101101101011101766666665545466600001002222221
22232222222222122445455545545455455556600011021011011101766657666654466000001
31222222222244545555555545554545556700110110111101111766656666000221
223221222222234444444444443445434446660000000000100700170765666665676000
232312222244444444445454454456001000101000001076665756660001
222222444444444454445454456001000101000000107666656666656655000022122222221
22235444445444444444466000000010000000756656666556676012122222122221
22222244434444445444454445446661000010010001000000765665656566711212121
2222443444444454444544453544546660000100100010010000000766566656554000000222122221
22224434344444444454454454546660101001010010000000776665656656565324667670012121221122221
22232122344444444445454445445454660010101000100010001076666656665654447000000122221
22234444444445444544545445454466010000110010010100010007666565656666567001222212221221
222222343444454445444544454454660001000101000100000076656665467700122221
2244344444444454444545445431545655660010100110100001010000007665666566666666660012122123222212221
2243444454444454454544454446666010010100010001010007656666567670222122212221
2223444444444454454454444544544660001001000100010100001007666566566566566567002122212122122221
2335455554545555660111010111176656660012231221
2322222444545555546701111076667011
22321232454555554556600110121076666101
2222222222445555455554666011101111765666000
222222244465455454556710101017666101
222222234554555455560010111017655660101
22323444545545554560001011101765600011
222222222233554554456556661101111010765666566001
222222222223444545555555656001111111117666666666601
2222222344544555455454667011101101076666001
22231222354546555554656071111210766710
2222232122223445555565465555554355565566600002112101111111111176665457600001
222222222222344455555555555455667000211111110117666654656070111
222222222222444555555556546555556670110211111112121766566570100
2222322213244455555555545455666010111111111017676665446600011
22222222222223455555545555555660011111111021176666665467017
22222222222334345455556556535546555556567001111211021012102111107666666653566000001
22332222222212222224544555565465536545455465555567071111110210102101121076666667654554507600111010
2223122223224445465555555555555446556660002111021111110210210176666555467001011
2223222444545555555455556566600112111101111117666666654567000122222221
22222345455555554545654655567001110111121021017656655667002131221221
22222322222232243445556554655565466555566071112112110211121017766666665555546700111101
2222222222234455445545545555555660011111111010110176666654660000
2222222223444545455554555555455666010111111102101111076666656654544600000011221
222444545454555465455555454667011011111101110117666566666566666666101222222221222122221
2222222344445455465454545555444375667701100110110102101017656666656667001231222221
2222222222334554545555545654555555545666070110211110121101111110756666666656666665667000222123221222221
2222443544545455545455454554545567000101100101101011011076666656656565660700212122222122222221
2222234434545454554455545545454556667011010101101101011010176656666565656667000121222221222221
2234444545545555555545554654555566660012101111101102101111111766656666656665666000011322222221221222221
322222212322222344444554655555555555455670001011111111111117656666656666656660000112221
2222222312244465654545545455545544545546661700101011010101111017665666665666760111222222221
223245655545555545545455545554667001110111011010110111766666655666670122222222212222221
222223222232344555555455555555555567701110121021101110211076666666666656666667002321222222221
22222223244454554555554555445446666700101011011110210176666666566760002222222221
232344454544554554654555555466670011102110210111011007656666656665677110222222212222221
22222222334545454545546001010110117766666660
222333444444554554554654466710111101101010007766601
2234444454554555566101111011010776567560222221
2322332344444455545555556710217602221111010077766650001
22222222444454545545455554600101110101101007656670
222222444455465445455555566011111111011100766657021
222222222444445545455545545600101110111011076666666601
222222444444445454545555601101110101000007666500
222344444544554654455546601021011100101100766546766012221
2313224444544555455454660110111011001076666601
23545454545554554545567100111011010110756665556570011112223222121
2245455545554556545556671012111110121076666665465456567011112102132232221211
235455554655465555446667110111121111766666665556557001112112322222222121
2244555546554556554555653656617111101211111110076565546565570110212121222221221
23312222221222245545555565455465555546546670111111210111121011766666655546555567172101121110
232222134454555465454555454556600011110100112110076665555655660100211121221
222222222224445455455555545554566000111010211101111766665655556600021111
2322222221222455555455555555543667010111021011117666755546660100121
2244545545555555455554660001111110111117666665556600012122222222211
24323222211344545555454655555545466001011111110111176676655465655600111211010
22334444444544365660000100007666566710122221
2233444344444434444566000070000700076656666670122122221
2222434444544434544466700170000001766566600022221
2222223344444444445444666000107100000756665666560000122221
222234444444453444444666070000000001766666666576001222222221
222222434345344534443466077000000700756656666007122221
22233444344444444443446660700000000000776566656666670102222122221
2233444444444453534455670000010000000076656665600012212221
22224335435344344443456607007000700077556670102121
22222222344444454445434466607000010000075666566600002221
222234334444454445434560700000001710766566656600701222221
2322122324344444444454444444446760000000100000107756656666700111
22224344444454444444444467700000000001007656565677012121221
22222222223234444544554545432456566666001011010101100176666667670
22232222223222122324554555555544655435565666661711111101111111176666666666667001
222232222232222224445655555546554455545654666600111010111021111111766766667607
222222222222243454454555555555322256565656666601101101111211011107666566656771021
2321222223224344445445554654532566555656660001101111211011010766666666567701221
22222222324455565546654556544565656666000111211111211176770221
223222122223435444554555455555555546677011111102111101011766566667607121
223222222344444555455555654545666600011110210210111766556556660000111121
222232222222233444654545465454446546566660000112102172101021076666666667001
223122222222232435444554554565565655655656670001221121211211111010766666566666576600022221
2312222222222334544454555465454555556666600101211111011210101766666666576001
222222232222222235444454455444544456660100100100101010766666666766670
22322222322222222222244555555555455555445456660011101101101112101217666676576666666700
231222222222322223245554654555554554545454677110101101011101112176766666666666600
22232222322222212244544454554454545445435666000101010010101001176666766666766600
2223223223222222445444544554445444543346666070000010101010001017666676665460217765460001
2444655454544544543465444344454660700100001700110001001075676667670222322222222121
2222223222322222222354554545545545453235655660000011010110101101766666676676676566021
2222222222222235455454554545545554454322656656600011010101101011101100766666676571
2232222222222124345454554545544554545455656660111101110011010117666666666665544656555455570111010010110210102221
22231232224444454546545465455555545456600011111111011110110107676666600
22222232333444454555654655455545345446766001011011011111111011077766666656671221
224444454554545454545544532456556600001011010011010021010011766566666666667602222322212222221
233222221221222323444335344344443344534566600000700070007007007666566666666076000
322222212222222323434443444444444344435566717107000000071700077665666666666660710
2334344344443444434444444444566000000717000007000000707556665666667667000223222222121221
22334434443444444443534456677010710007100700076665666666766000222232212221
2232222222212232343443444444344444454444667000007210000700000707666656666667660000
233322222221222334334434434434434434434434667700007007070007007007766665666654446607070070000
222322222222324343334434344443444444356070000070007007007707666766666534344577007000070
2223222122222234343444434444444344444434666007000000717000070000766656666676660000
2322222222222224334434444344344434444666070000000707000707666666666666760001
2222223434344434444434434444444467700000007000000700070756656666600002221
223334443444443543444444445660007100000700170000076656566666667666670002222322213212221
24332232122231224344344444534444434435436567000070000007007070076666654435356607171700070701
233222212123545445445454553245666670101110100117666665545566001010101
222222222224455545544554465345667601011110011011766665655466001111
2224465445554545455444666600111010110111766665654566001021122222221
2244543211121444445445544455445445456600011001010100101765666545660010100111
2224454445445445544454553666000110100100110007666665454660001001222222221
235444544554445545454455446666011100110100110017666655454454507001000111012322212101
2244445444454444544544454545666011001010010001001000176665555445456710001001122221221
222222444444454444445454532545566000010010101000000100766655444544560000001001221
23445444544454454454544454566000101010010100100001076665654454446600000101113221221
2244454544545445454554544554660010010110110010011076666554456600101001223222111
223222212244444544445454544544344555666010010010100100101001076666554545700100001
2322222222444444544554454545455566010110101100100110017656666655544567010101021
222224444454544544545454444456760010011010101010001077556565555560001111123121
23122224344444545444545454545456661001101101010100010007656555655566001111111
32122222444344445445545455455545446660011010210111010010010007765555565466601011111
22233344454545545455454445656000010111011010110017766566566556566001110223222121
224455454454455445454544556701010100110100002107666656666666666665356010002212322222131222212221
222222222222223344444455445454543112544554566600000100100011001000776666666666600
32332122212221222223444454545454344555656600010110101101000765665665666666607000
22222222243454454544545454454666010101010001010107666666566666601222221
232223212222222222122222445544544554455454444445667001010100101010010176666665666666666667000
2244545454554545532111445465566567010101101010107656665666666666677002232322222221222122121
24322222122212235454544546544555545545556001010101111101011077566575656567011101
2331223222222210224445454545454465454455454455446666101001011010110101010107666676656555566001001110
222444454544454455444545445454454666001000101010010101001010765656546556600010112112212221
2222224345454544554545554554454354666000010101010110110101101766656656565660002121221221
23445445455454554554545545455445660001010111001101101101101765656566566570011211243121212121
22232322121444445454554545545455445545454455456000010011010110010110101101017656556566071001101
224445454554545454545544554454454554456660011010101010010101011010101766666545660000112122322212101
24344445445545555455545545454546701000110101110210111101007656666655455600000101223212222121
2222444554445455454554554545455545666101101011010110110101011076665666556655666001121110243212221221
22324344465344545454454567010021010010001077665665566667021222212221
2222222234444454454445545444456670100101010100100176666666566557010212221
2243131312444444444545445445566001010101001000176656665665670011221
234444444544544454544566000101010100000107665665656600012222221221
22232222234455545545455454554660001011010110111077666665655556000021212221
23222122244444555455454455454455445670011001101010101011017666666556546671010212221
222222222223445455554545554554566010101101011101107666655655660001211
23312244444445455454555445666001011101110110076565656600121011
2222322222222222444555554554545454555446660101101011010101101176666666765655560001121
222223222243455555555555454556600101101111111117676666555656701121221
22222222444544455454555555666002111111101101075675666666012221
222224434455446555456554654346566617011111211012101021007666666556566556710132112221221
2222223544554555546555556544667011121111111111010756665665666566600122222122221
22222222234455546555655655556001112111211211107666665665665667012222221
222222232444455455554555555466001111101111110107766565455565560010111211
22233244444545555555655555600111211021111111707766656665666556660021222122212221
222222223444546556554655565555556001111211111112111107656666656666566650021222122221
22223454455456556556555456670112112112111111076656665666656702212221222221
2232234445454545554555556711101111011100107666665665655655565710211111222212221
22322222223344545555565555654600021111112111107766566656566557611122110
22224434455454545455556600011110101110765666665757002222122221
223444554545545554565600011011110176666667001321222221
2224444544555465456546670101111111766666667002222222221
22234444444454444554455455460000010011001000107666566657666000222222122121
2223454445554555655566000121021101176666665770022222222221
223435445545455455556000011110110766666600122222210
22434545545554555455555545666000111111012101110765766676660122322221221211
23444455445454555454546560000110101101110766566666700132222211221
2223444454454554545465454465566001010111011010011766665667656670012222232122211
2235345465455455555554656566671021111211021011766666600022222212211
232222221334444544554545545556700010111010110766667700
23344455454555554546566701110111110076666700222221221
222222222222224544555454554454666000110011011075666666566600121
22232222222222122244555454554545660001100111766666666667600
2222234454545445445445660000010010101766666666712222221
23444454455535555545445677110011110101010765665655656661000121222122222121
222445454555544545455444456600000011010010111176666656666567002222212221222221
222445455454545454454454567000101010010101766565666710111232222211
234321222234435444544545454454566000010011010010017665665565567011011010
3122222223244445445454554544566710010110010100766656666671121
22344454544544545454556701001010100101766666670222221221
222222244444454545445454544555466710101100100110100176656656666010212211
2222222224445445454544455444566000010010010101076666656660012221
223323222221102224445354454445444454544465670011000100000101075666666566660000001
22244554454454544544454535567001001000101001001076566667565600021222222222221
2344554544544545431224655545454567001000001010010007666666666677122223122222212111
222332222112224344544544444544445444444545660001000001000010010000766666654444466600000700001
2345445454544545445454544454666000101001001010010017656666656545760100012222222222121121
2344544555444545446666100010010766665665444324660767700010012222322122212121
22444455545454544554544544556670101001010101010010766666656654466000071212222222222212221
2244454445445445454454454545466671010101000101001001017666665546767771122222222222221
2224445455445454545445454454445666000171011001001010100176666665665454560701000011222223222222211
22224445554545454454544544544545660000100101001000110017666656554467070000122222222212121
22444544545445455445445454454545445446660000101010010100100110010017666665654446566600010101122222222121121
2234545445444544545445433544555667000100100101001000107666676665445576000000000222232322322211021
222232222213122235445444545454544455660001001010101010766666666667671
2433122222222244554545454454554435456660001010101010101010766666665566001011
2222222222222222234454544554445445322556660000101001001001766666666756666701
222232223222122244554545454545544544446567010010100101011011766666766555567100110
22332222312434454454445543545445556661001010011001010010076675665654456701010110
222222222222244444445444554453445655670011001010100100107665675665545660001110
22222321222222444444444445444544543244554532222226666666666666666666666672322222222222100000010010001000100017666666666555445660000101011
22322132445454454545454444656600100101011001017757666021
2322222222222212222434544444454444544545455660000101010101000100076656666657666676000
243322222122343444535444445454431445554545660001000100101001000010076666666655670010100
2322222222222212234454454545454545443456667000100110101100017656666667666700
222222222243445444544545454555465456660011111010110101010076666666000
22222222222222224454554554545445544545660010011010010101017756666666700
2224455555655453212221223566566656665665565546545566001110121766666660122222222211211111176666666666702222222222221221
225446554654655321222246656666566656555655455660011111176567601222222222211210176666667601222321222212221
22245556555555322212222256656665665665655455545566001011176666600222222122111112101765675766602132222122221221
22222223556555654654532222225665666566655555555545666011101021117666666601222222222211111111176666666666600222222222221
222446554554655553212212222565656656566654555455456671101011766760212232112101111776666676000223322222212121
2235545555322226566565665555555454556601001110211766666666022212222122221011176665756666666702222222212222221221
22222224322122234454555445444453445345546600000000100000100751031107666776654667011
22232222223222222354555654555444544544456670101001000101111017666676666754660011
222222223222223445545455545454454456671001010101011011076666766656000
22322212222224444545545454545444355444444446670000000710010010101101001765766655547001010
22222222222223445455545554555454455546660000211010101111011021076665756655544600000111
2232312321222344445455454544555544544656610017110001110111010076666666655700110
22223232222223444545554565454553444567000000100111021101776657766544676000121
22222222433434444454554545544444670701001010110010070766665466007021
232122223334444454444444554454553465666710110101110000100000007666665507001
232322222323444444545454545454445670000101010011010007666667666655600011221
222222243334454554555555545445322654666600001010101111110110177676566656665447700221122221
222222222334454455554654555545324656670010101111101110117675467666670221
2222232223324444444545454554544546660100011010101001000766766755654000011
222322223122222223244544545455455445445667000101011100101176666666676654555666000211100
2222222222222222324444455556555554546670010210121012111766666676666566701
22222222222222222435445545556546554556600001211110111176666666676566001
31222232434544555555555456600010111111101766665666566555770112212212221
222222222222222233444445555555556545566000111111111110176666666666754356707001
22222222222222222444555456556555655532257566660011012111211111217666665666666656701221
22222231222223444555445555655544666000111111011110766566666566657600122221
222222222234454554456545654655555445656600101111110211021011117666666665665665560011212212221
222232222234444444555555555466660111012101110107766666666666671222221
22432313221223234444445455555565455544667000110111211021100107666666666665446566001011101
232222222222222232234454465546545555544466600001021101110211076666666666675666600021
22222222454455545555554555670110111111021017665666656702212221
22222444544554555545555546600101111110101107656665566660012221221221
22223445545555555555566002111111011117665666566667122212212221
2222224445545555545546555454566010011110110112101176656665666701222212221
222222354555554545465544654456560010101101111101107656656666560102212212221
22222222244655555554555455454555456700111101011101110176566657600022212221
234454545454545554554555455456600101101011101101011017656666656766002212222222212211
222222445544545544545545454545556000110101101010101001176656656666660012222221221
22222222222455555455555545465466601011101111011766665666700222221
232221222222223444554555555545554555600100111011111011176666666657701
23222232322455555554654556611011111110076766665565660112121
222332223235455556545555656610211111111210776667556655656001111221
2432232223222212445555655555555554560011101111210121176766666656565660011111
22222232222212345545554554545545454466000011010110101110766766555655600010210
232232222121244556654655555555655555444676101111012111111111766676656566566611021231221
22222222223222212444565555655455555555467021011111011211111766666676656555655600111211
22432222223222124445555555555556555546601021102111111111176766666656565660101111
222322223223121213556555555455545454660100110101112107667666665665600211
22243212212332133655565455445454543466000010100010210111766656656656600010
23232232222222211224456556555465465455555356600011102110111021076666676665546566600112111
2224321221222223222245465555555545554446566001011101111110211776665665665667710
222244344445444454444454454444454566000000000010001001000100075665666667002222122121
2222224434444345443544444544455454566600001101001001000000000007656666656655466700112122221221
2223344544454444544454544444534456667000100000010100100010010765665666665656670002212222122221221
2223223343444544544454544544444434321256666670000000000010000100100776666665660000131221
22334444444444444344544444444444456600007000000000000000000007766666757500022222221221
22234344445444454445454444544454546600010000100100100001010000076566656656656656666000212212221221222221
22222344435354544454454544454545444666610010010001010010010010007665665666566600022121222121
22443544444544454454454454454454676000100100100100100100007666665654454544445666000010010001021122221222221
22223444444454454445444455444454446660000100010010001001001000765665656666566666001221222122122121
3232322222211212234344445344444544666000000001707566566676667670000
2222443445444445454454454454454532246556770100001010001001010010001765656566566656666600022122212121221221
23444545454544545454544544445466660001010010011001001100176666566675666666666700122222222222222222221221
22355455454545544544546660100101100101100765656667111222222221
22222222234545454454554454554446666001101010101001101766655657701121
2322122222444545545455455545455466660111011010111002107656567600111
22233221234454554545454666010010010755545676010001110
223221224445545445545445666010101171107765555566601011012221
22232222234545445545454545454466660101011010101010076555566601010101
22222344554454545445455434454565666600110101101001011001076655567671021212221
2224455455545455445454544456660010100100110101107666556670010221223222211
222222222345454555454554545545545456660011010111011010110107655666001011
22222324444544445444544445456600010010010000001076666656666002222121
22224445554544454445445455607101001001000101176656566656666021212212212221
222434544544544545454566701010101010100766656665666666667122222221222122221
2222222222444544454445544454356771001000100101007666666566666702222221
22224444455544454445444466660000101010001107656656666576002222212212121
2222344544544454444466600000100100176665665666660022212221221
2344454454544444544456600001001000100075666566566670222121222122121
23344544545454454444566000100001010100176566566656656767022212312212212221
22444445544454445444566000001000101017656665666761222212212121
22224444454455454545546660110110101010107566666566656666700222222221222221
2222344445445444544544544666001001010001001007665656656666600122312211221
222222222535545446554554455455660011010110101110176656666566665660022113212221
22344554555545545566001101011101766566665675671212222221222221
23232223223333444445454545545455660000111100110010077667666767000
23232222322223334445445555554565465560000111121011110107676666666767000
2232222223233344445454544554555456660011011101011000177667666766701
232232222223234344445445454554555456670010110111010011076676666767700
2232322322232344444454554555665324665545565565660010111111110111111100176667666767000
22232222322323334444454545545456666021010110101007776676666676000
223432322323244444545454545545554545560000010110110111100100766676770070
22232322232334344445445455454554555466000011101001110101007677667676700
2323323232223223233435444544554454555456667000111110011001000766766766776767000
22222222323223243444544554545545554545456701000110101110110010076766676667600
222332223223344345445455454555667100110110101177676676676071
2222322223223233444444545555555555567000102112111101100767666676667700
2332332232223223233344344545455454434667670100110110107077676676667665560076676670122221
2232322222222322323345345655554544654553245666660001011110011101017775676545667766676600002221
22222332322322332333444554555455555432222265656655677010101011111110100077676676766544660077000
223222223222322322322323334344555455545654565431245665667000111021111101101007676767667667666654444570007776001
222323432222222322232334444454554554544456556700101011101110011076766766665665460766667660000121
2224322223222322324323444445445454654456660002101100110007777676676665676675666600221221
222232222322322323343444455455555555335656656701101110211111011000760766754677676666700
222232323232334334444454544545455466661010101101000100707767765444345607000700770
223223233232232232233344455455545554554554666000110101110210101170767666775666765577177011
222222322322322333444444455454554545454544666071001110011101011010077667766676566534670760011
2222232213454544545445454444566000001010100101077655454667100011
312222222244545454455454325555566600011010110101010765556545700010021
2222224444545445455455543546566701011101101011010075665655566600111222121
22222222244545445545455455545456600101110110100210017675554566601100121
23223222222222224465456545555554445666000110111102101766666766771
2222445544545554545445667101010110101176666566676600222222222221
2322222222234454544545555454566600110111011010176666666700
23222222222344444544545455454556600101011002100100076566766700
22223223222222344445545555555325566670101110111111076666676667600
2222222222222444454545555465455545660010111011111101076666666670
2322122222224445545455546545554555445666000111110101111110117666666771
22345445654555546545654565660011210111111111075666666670222222122221
2222222222223444554554554555660010111110101766666666600
22355465545555554555455555555565600011211110111102110111176566566565666600211111224321221221221
2222322221232434545455545554555555555656701021111111102101110101766666666700
32222122222223545455455456554555556556666621021121111101121010117666666666001
222444545555555545655465455565600102111102101111112107665665665656667112111223222122121
22432222222345455455555545554555566001111101111111101076566666565666011210121
222244454554554545554545545455454566600101101101101101011011011765655656565655670111101232221121221
223222222221223345454545545554555455670011011110111011076666666676600
22223243545465555555465555554667011021111021111112107666666566666670122222222221
22222222222222223334454554655555654655566660121111111112111017666756666666666701
2232222322223223343454545555465455555554555667011111011111111101110177667666667667600
22222222244444454554555555554546546660011021011111111101001765666666600221
