222333434344454656656666666767000001001112221
222233243444345445666566666676607000010111121
2232334343454555556566666767607000011101212121
233233434444445555665666666676700001100101111221
23311223344344344544565465656676677700000100101011
2324344444444446565656566666670000100101101121221
22223232343343444444565656665666667677000000100101111
223445322222323234343444565666666656667666776700000101011111
22232333434444455456556666666666760000011010111111
22222334343444344544565666656666766670000010101101111
22222233434444444545566665666676700000001101111
22222233434444545556566666666770710010111121
2331022324354344445556656666666766007000101111221
222232434444445545656666600000010010100
224322434444454556566676607000001011121
222323344544455556656676670000010111121
2233444444445455566666707001001101111
22232334444445556656666667000001101111
223222324445445555656666667000010101111
224334444544545566666070000010110121
2233344444545465665676670000101011211
2334444454555466666600000011102111
22324434344454455465565656665666667607000000100111221221211221
222222224443444454455565656666666667607000000101121212221
22222222244444444454555656566666677000000010111211
2232234444444554654565566666700000000110111121
222223443344554565566566670000000111011
2222233344445445656566666600701010002110
22232434434454545655665656666677000010101011212121
22222232444444455456566566666770000110121011
234444345445444555656666770000001001110212121
222243444444444455566656676670000001011102121
223234434454445456566666667071000101011121
23432223344444545565656666676700001000111111
222223343444432665555656666666000000010110021
2222222222233343443444544545656565666667666767670770700000001112222221
233222222232233434344444445445456566566666766767770700000000001010111
232222332333434344444454454656566666666667676767777000000000111111222221
23122323233334344444454455546566666767670700070001000100101
22232232334343434444444544555666666667676777070700000001010221211
222222223223343344344444445455565675666766770770007100000101010
2232232232334434444454454555565666666676777000700000010010111221
222222223332434434434454455656665676676707007000000100011
2322232333343443444445454566656766676776007000000000071012221
2223223223334343434444444444544556566666666766770700070000100000170001121
23223233343433443444444454565566566666767777000700000100001000012221
23222222222323333443434444444446545565666666666766770770000000710000001011
222322343344445545656566656667670700100101211121
231332234344444454555665666666667660760000000111021212221
222232234344444455565666666666760770000111121221
22344344454445555666666070700101012102121
22243444444454556666677701001102111
223445344445555666666670000001021211221
2232323543454555656666666667670000011211212221
2222234434445445546665666666770000011111121
22222223233444444545655656665666767710000001012111
222322233444444445455655665666766770000000011112111
2224322233534444446555666665676677070170110211121
22222234344444444545556666676070700010101011
22443334443444445545556566666677070700100101011112121
222344434443444545455465566566667670070000100101111112121
222453444444444545545655656566666770000101011012111112111
2344434344344434445454555565566666770000001000010110010110111
22345434444454444454545456566666707000000101010110111111
2233443444444445444545546546566566667670700100100102101110111111
22434435354445354454655565666666077000100100111111021121
22222235444435444454555656666667700000001011011211
2235434344444544454555656666666770000000010111110211221
23344434434444445444565665666767700000001010101011121
2243444353444544444546556666667700000010010101102111
2223465543444444454455556565666670700001001011111112111
2244544444445444546545656666070000010011101112111
22244654343444445455565566666667070010011011110122211
23223344444544544455565566666767707000101011101121221
22324334434444445455565656766676070000110111111010
232343443444444454455556656666676077001010101111111001
2232232334344434445445465556566667670707001000176001112101
232234334444444444455656666676607700007760101021121221
222232434444444444565455656666676767000000111211101021
22222334343444444445445656666676700701000100000110
22245443434444444445656565667667607000101011102101121
22333324334344444445546565665667667707007001001010101121
222434443444444444445566666667670000000010110122100
2222223334444434544545445556566770700000000176700011121
2223334534443544454454556566666767000000010111101000021
223222334344444344545555566566566666767070001000101101211111
222224334544454454555465556566665677700000111110111111121
222232343444444454554555655665666666666700000011101011021111121
222334344444444554546556565656666660071001101011100111111
222223324344444545556566566667700000010011111
222233344434544445545465665676667700700100110111111
223343444444545546565665666767000071010221002112121
222331223244467544444454454545556556656666666070001010210112102110000110
2335343444454455465656667667707101001111211211
22323333444344454555656566656666766770000000001102111222211
22223434444454545565566676607000001111022101
32122222433443445445455656566566666667700000010210111111
222222332334344444445454656566656666667670700001001010101121
2233233343434444455565565666666767770007001001011122121
22431133434444445445455556656656666666677000000010021012111211221
223233344344554555556566666666770700011001111212121
2233334344444444544654466656666666676607700700001010112121222211
222334344343445455655665666666767700000001001112122221
222322434444444544454556556566656666667677070000000111102122112222211
2222232233434444445455565665666566666567070001000110102111211
22232344444444544455456566566666677070000100101121211211
233444444344444545665666666667660700010001011211212221
22222222223434444444445456565666656667667600071000010111211
23233334344444545555665666666676707000001001121121211
22233444334444455565656656666767070010010111112121
2222222232446543244454565566656656667670000001001112121
2222222344433244444454665565666566666666070000000010101112221
2223333344444545565656566566676700001001110112111
22334544344454465556665666600700010010121012121
232443244344454455565765666666760170014434323213121221010000076666756655656001112112221
2222233232433443445455656656666566667666707000000210012121121
2222233243343444454554565665665666676700700010001010121211
2222222232434344345453565465656656665666666670000000100102101211210
22222222244443443444445455655656666666707000001000102110001
222232343344444444455556565666666666677700000100101112211211
222332232434444345444555556665656667667070000000101001111121
2222233444344444444555665666666667670070000101021112121
22322323233434444454555665666766767007010001010101
23432323333444444555665666666677670000100101010211
2223323233343444444555665666666766776000000001110111
2222232434444445556666676700000010210
2312343444454565666670000010011
2222334344454556566666700001011100
224323334444444545656565666667700000101011101210
222233444445555656666700001101110
2223434445465566667700110111
22322334344445456565666767700000110111
2222323343444455465656666667607000010111210
2224432443445465566666070000101101
2223323344344544554655655656565666667677000101010111111112121
223233344444454556555656566566666700000010111111111211
222223467656555655554544432232122121211111101766011232444454545556556566566566666767000000111111012121
223223443454545546655666566666070001101111021121
22344444454545555655665666676000002101111111122211
232444444454555556565665666777000101110111121222311
235433444544554565556566656677000110110211102111211
2224455345444444565555566656676700010101111211117661222311
2345334444444445545555656656666677700001010101111111121221
2222222345545455546565656666667001101012111211
22234444444444444545555665656666677600000101101101210121121
22222434445444454454556566666666770001011101111111
22223222235544444454454556565666666667767000011011112111021
2222222324344444544554565565656656666677001001011011101111
2222244444444544545565566656666767000101101112111121
2223543445454455546555656666666700001011111111211121
22222444444444545455656656566676607001010210121111121
222223443443434454545565565665666666666700000101110111111111
22444344344454545655656565666676000011011011111210211
2244446535443444455565656566667607100010110121102112121
2222244544544454545455665666667670000101110211112121
224312344344444445445446545556565656666666600000101011011011101101101
22223444345445455545556555656556566566667001000101010210112111121121121
22222222444454454455545555555556565566666660700101101111011010211121111
234444444444445444445454565565656665666666677000001011010110111021102112112221
224345444344444544455446555565565665656666000010011011101101111111110011
22222324344445345445445456546565655656667760070000101001110210021210121
222433444444544454544545554654555656666602112111111101101010000100075655554555455455544554554546660010110101101011011101011111211
22233535435344445444544555465555565556555566666666666607000117100101011011111111112110211221121
2223346534434445444454545565465556565656666667070100100110110110111111111121
2233543434544455455556546555655656656766000000011010111111111021121121
222223444545454545454554545555656566566666667670000101010021011112110221121221121
2222444444554454545445465555656556566566666670000000101110211021111211212121211
2222222343444444544455454555655656666613111121121100110010000766765665656555654346666555455544346660000010111022171101121121212121
22223443444454354444555456655566666666666667007100101101021111121121121
222234443444445444544554465465556556566566666677070001000101101011101112111212221
31234343444545455353653654555555655656666666666001010111101110111177600110211221221
22222334454454445465566566676000010101010111
224344544444544555466665677700010100111112121
243102354444544554545666566667000000010111121221
223434444554444454655556666676000700100111110112121
225353535454455365465666666070000101021011211221
231312433353445445455565666656766677070000101111211221
23233432444444465466566566666767000010110121111
2223244444445445454656666666677000011721021102121
223343444444544455556666777000000111111100
2234444443454545655666660700001011011111
222234354454546556566567660701002101121121
22445454554565566666670010111211221221
2223454454455465655666766000101111112121
2443244444555655656666070010111111121
23444554454555666667600001010121222211
22223122454445546565666677000210111
2244335544546565667670001001121221
222322445544455556666666700170211011221
23235444544555665666660071001210211121
231244454455556666667000012112121
23334344444545455556566666707000001010111022111
2223434444444445545555655665667677007010000121021102112211
2223233443444454456555666566676770000011111102101
22233444445444454556566666767007010000112112211
22353443444445555666666770000001110022121
222222222234434444544555655666667770000000101001
223332243345445455566566667677007100010121121
22222223334444444565556666667670770000111121
222232333444444444555465556666667677070000101001111121
2223233434444444546546566666666777007100111021111
2222244334444544555565666666777071001102111121
22232332344454445555565656656666666770000000011102112121221
222222434434545445555556656666676700000001011121021221
232343443344445555565666666770700010021100210211
22433444344444445656666666666070000100011211121
232244434443445456566667770000100112100
22222344344344445556565666667070010001110101
22334434454444556666666770010010210111
22232334444454554656666677000100010111
222223434444455566665667610000111001
22234444344445445656566677700071010111121
233434444555666566766700001012122121
22223434444445465666667676000001122110
222222344344445465456566666677000010111011
22334434444545656656676666670000101212211211
22222324443454455665667677707111111
222233343443445444545545556565666667707000010001011010111021
2222334455433444444445555665667667770000000001101111211
2234443333443544555556565666666667700001010111021011111
2222232233343444444545565666656766767707010010111011
2222322243434544454456546556666676070756101010010011121
222243222323443344344455546565666666666676770700001010100121021
2223243444344454444554556566666677600070001000111111211
233233333343444545556556656666666760700000001001011021121
2223233333434444454565666656666676707000010010111021
22433343344344444445556656666666766707000010011110110121
22223233334344444545556556656666667670700001001110111021
23344323334344544545655566666676070700001010011010121
22333434444444544665465565566666770707100010111021112121
23224344443445456565665656666777000001011121121221
2312233444444545454654565655656656667677000001010011111121122221
23212234344544445555656556666566676717101001011121021221
2323124444454454455565566666667000001011010211211
2223343444544555346654556566676707001100011110210211
2223343444444554546654656656666666707000010102101211121221
222223222244444444554465556566566667717000100101172111
22223222244444445445545554655566566676070100001010010111111
2333232444444455565655455766656667670701001010111112121221
22224446534344545546665566666760000001102101211221
223224343544455456556555656665667670700101110111112122121
222223243343444445444555555555654666666677000000001100111011101011
22323344344444444544454554555655665666666667707000010101001110111111121021
222223343434444454454546545565566566666667677000000110111011101112211
224345533344444444445445555556656666777000000001001010101111102121
2323233434444444445455456555565656656766770000000011010110101110012221
2222232334444445435554556556656656676670700001101011102101121
22232333443444544544546555556666666666660700000010011102101111211
22344432434444444555455555565566566666760000000000110100001112112212121
22223222323343343444444555655665666575666666766667676700000010112111121211221
2223222233343434434544545655666666766676777070010001111111
22222243322232332333434444555666666666666766667666766776070000102121122121
2222312231232265444454565575655566666666700000011111121
22321223232434434435435556665655657754660754757767007100003115326544543233122222313111310110000007767655666656567702111221
31222323343444444546656566666666677000100210121100
22322323333443544456546657656666665667767000000111021121121
2322433223324444445466656665665366675675607700000011121111121
2432343434445555566546666666607701010111111002221
22222222434444445445455555656656666670070100101101111011
222223434435445454455545555666667700000010010111011101
2223243454444454545465456556656666767000001011101111111211
22443444444544545455545656677000000001101011102111
2222223444444554565655565666666700000111111012121
223232344444454554555465566666666666000001010111110211111
22322333444445554655655665666766000000011101112111
224532234344444455454555555656666667070001010111011102111100
2222222434435544555555565565656666670000001101102101121211
222434344454445445555546556666667000000011010111111111
2233233434445454655665566565666667000001101111111111
22332224334444444554545554655665656666667700000101010111011101111
2222232334444354546545565566666676070000010010112111
2343444434445444454554565665667667700000011010111111212100
24344444544454654655656676700001001101210211221
22234444454445445465456566666770000010110111021121
22223434444444454455565666666000001001010101100
222444344444444546556666667000010110101101
2434444445354554565666666607100111101111111
23444443445445565656666770001101110210121
2343434444446544455665667670000101010111011
22234434454454545656666666000010101011111
22333434454445456565666676700100110111101
243655434444454545656666607010101011111111
2334444444454555656667660000101101111210
22244324324344434454445455546556556566666666767760000000001011011111121112121
2222222223233333444444454554565556656665666666676677670070000001010111221121221
22222222323332434444454554555556565666656666676676777000000010111221110122121
222234334444444444445545655666666776007007000010111112111
22223334433534535435354455455556665676707000001010001101021011766010
222222323334344445444455455565566566666676070070000010112101001111
222223344344444444445445446545565676070700070100001001212245554444534443321101010010701700777550000
222333443444444444444545455465465667677007000000010010011122144554545454444434332102111010000000070070766000
22235532433434444445455466546556566666666676676076177100101011721211221121221221
2223223323443434444555555656667666767667770000101211222217011
2222324333445455655666566770000010101210
222222233444454556556666770000000111
2233444354556566665676700001011212221
23224324444444545565666566666670710000010111212221
22243334434445475465666532266660707170001010111
224443334445446556565666760000000101111121
2223332434444454656566566666760070100101012121
224334334444444545656566775022123211110007776677565455454434607000010110112121
2222223223434444444555656657656666766700000001021102121
22222344766533434444556656666666770100101112111
2243334444445554656656666676700100011121012121
2443333444456556656667000000110002121
22223432344354455556566666660700171001021101
2232222333434343444444454445566665666666667667670000100010101010711121
2222223223433444444444454545466665666666667660700010100011101700121
2223334443434434443445445466565666665666767700000000100101111010111
231223224343253253535455465656656665667600710001010011021000
2222323334434444545456566665666766667070000010010101222221
22222232334444454444546556566676677000001011011176621
2222233233344434444345456566566666666667760700001021111121222177665601
224533332435323444345444546566566666676670700001001010101001101
22223324343443444444545456565666666666770000101011011121117655600021
22232323344444445454655665666676070000000101011021
2234334444445455465565666667071001010011101211
22344553434344445454555655666666670000001010101110111111
2232443444444544565565666676700000100121011121
2245344444454565565666666770110101212111121
2222432434443445465566666677000010101100
222234444444454555555666707000101010110021
223232343344444454554654565666566676700000001011011010111
2222324435444445556556656766000001001111110
2222444444445656767700011021
222243343454455566566666770000001112211
22223333444435444555556666660700001010111121766600
2222233243434444554665666666777000001112217661
2222343343535444545455565565666767600000010101011011111
2222432324344445454555555656566666567607007010100111111121121
22223233434444444544545555565666566677667700000001101110210211121
22245543433544355455565566565666670701001011011111112111
224454344444444546545565656656667000001101111011111111
22444534334444444545555565656666667700000001011011111111121
2244322223343444445545555555655656656666666607000001010100210111111221011
2233335434453544545555556655666566666771000010100111011111112121
234455434443544454556556565666566676707010101101111111211211221
2222322434444445445555654656565665667670701000101101211111121
23443344444445545655565656665666767000010101110111121121221
22222323434444545556656667667770000001112221
222332223234344545556565666666667707000101011121
22224323444444545546566666666777000000111121221
22222323233344344445455566566666777070000001001001
222222222322334444446545656656666666667607700001111211
22222334444444465456566666677000001011111
222223443444445445445565666676770000000111102110
22333334444444455556666667607000000100110121
2222234444444555465566766707000101011221
222222333443445445566566666667770000001102121
24433344444455656666676700000110121121
2222233334445455566666667707000101211
22223324434544556656676770700101121
2222222223233334344444455455666666666666666667700000000001111121
22222232333343434434443444545456666666121121000000007077077545676565565554444443433326666666070007000100100121217600021221
223222323222432465434434545454554666666666212121110110170700776765666666653556675454544443343236666660707000001000111011121222221
23233233233334434444454555566666666666666666670000000000001001101112221
22222234432332434333444444444555556666666666666777607707000000000110102102121
2222234332343334333443445445556656566666666666677607700710000000110010211121
222323233433433434444444445454556556566666666677677077007000001000111011100022221
2222444323334334334443444545555556666666666666776707070000000001010102101121221
222343323434444545454555656666667700700000010101101211
2232223233443445444454555655666566677000000000110010210010
222324444544445445465465566566666760700010011110112112121
22343344344454454555565666666770000100100111011121
22223234444444455455656566656767070000101011121121
22444565555454534322212111010107700132335444454455465656656766707000001110110121
2223344444445455456556666660700000010011112121
22223332344345444555665666666675670000010100111211
222334344444445454655556566675766700701001011111121121
23434444445445455556556566656676770000001011111121211221221
24333444345445555556656656676070000000102101211121221
222223332444444654556556566666670071710011011211
2232324455445455565656666667700010101111212221
223222323434445445565565656656666670000001101021012101
22222233444445455465655665666670700010011111121
2222223344444544554655565566666677000001010111021121
2233444444454555556565566666070000100010110121122221
222234344444545455545566666750000000110102110101
222244344444454545546556666677000000011102101211
22344444444444544555656566666767000000011111112121210
22222434444444444555656666667700000101011111
232434444444556556566666677100000102110221221
234444444444556666667670000000112122221
2224444444444444545565465666667760000001110111121111
22222232343444445556556656665676700001001101111
222432112223243444454546546566565666766707001010010111
22231222323443544555656566656666767000011101111
22222334344444555565566566676700011010111011
222344444445555656666667000011011102221
223434444445455565666666670000010111111221
222232434344445454546545656546666667007100101010101001121
22222223233444445555565566566666677000101011102110
22232243444444545654656566676707010010111111
2333434544554565565656666667000001111111112121
23333434445554565566666770000100101210121
2323234445545556555666667000011011110211
2222233344443454565566565666676700700010210121121
2224433443444546555656666667700001011111111
22223234434445445565556656566667700000101111112101
2335334444444554565566666767070101010211111021
222323434444455545655656666676000000111110100221
223544444444444555654656566767070011011111111111
2223344434444444454545556566667770000001101001010111
22243334444454454545554556566566676700000011101100111121011
2234444445444544545556555556666667000007101101011110112122211
22224343344354444444545545566567666677000000010101010111110
22344334545544444555465565667607070172100111102111101
22234343434445445455465656667666600000000101010111121
2232434544435444455544554565666667770100101001110101712111
2222323245444444455554555665666676670010010110111012110
2232222544444354545445554555656666677607010111011110121210000
2224354444445454454545455656566766700010010110111110101121
22554654444444454455455455546656666767600001010101101001110211213221221
22246565544444444545545454556666566670777001010101111112110212232121
232433435454544545454455665666666667007000010021010111021122121
22223233444444455565565666667676700001111111121
223233233444355446565666566676677000001101212101
222223324434444555556656666667670710001021021121
222223234434444455565656566676677000010011102121
222223234344444446556566666766760000010110211
22222233243334445465456656666666667600000100111011
22243232323434535555665666666667677070000111211221
22222334344444455655666666767000100111110
222322334443445565656656676666700001002111121
2232222232344444455566565666667670070100110121
2222233233434444556556656666666767070001010112121
223322323434444455656565666666767700001001111211
2222222232344344445546565666666667760700010011121
222234343444544454545555556565666667707000100101010101012131121
222322223244444444445455455556565656666770000001010100110101110
222322343444444454545555655656666667700000011011011101111
3122222234444444445445445455556566544666700700701001000100110101021
23243444454444554556556566566566700000010010101011212212121
222333444444444454544545554655566656676070001000010100100101010121221
2222343443444444544544555555656666666607000010010011001101101121
2223223434344444444454545555665666666676000000000101010101001211
24432232343444445444545556556666666770000000100100101101121
222223434435444454454554555566566655670700070100100100110101122121
222223234444444445454545556566566556670700001001010101101021021
22223223434445454555655665665666676707000101021112112121
22222223344445454555555655656566666677071001011101121112211
222233345545555465565665566566670700010111121121211221
22434434454444455455656666607000001001012101111
22322344434445454555565566666670000001011011010121
223234444444545545656566666770000010111111121
2223344445354455546565656676607000010102111121210
222334343444444554556565665676770070100101101121021
23233443445545555656565666767000000111112111211
233344434544455456565656666677070010101101021122121
22235444344444445545656556666667700000101101112111021
222222333344344444444444545565656666676070070700000100010010121
22343443434444445344554545556566666770707000010001001110111111
2223334344444445344544555566656677707007000010010010111221
224447565455555545545454544434332222212111010010000007000070224343444444444454454565465656666667770700001001010101110111021121
2234434443444444545445554546556567667770017010011001101021011111
2222233444434444435554454555656666757607007070000101001012112121
222343444434544444545455465656666707007100100101010111101
22333434434444534544455454556566656767707000000010010101011121110
223344444444545444545544565565666677000101001011011101111001
22353765434444444445444535545556545655665666677070000010010110111111011111212211
2243343434444444455455556555465665666666777000010101111011011101211121
22222232333444444445555556566666760777077700001211121221
22222233434435445455556556566566677000010010000100121221
2222232222223444444544654556555656566656666677700000101011211011211
22222222222323335444544545555556566666707000000001007611001
22222223433254444445455555555656565676700007100000000010021122121
22222322322444344454545545555655656656667670700171000001001011211221
222222232343444445454545555655656666770700000001700701021221221
222222222344434454455455555566567607701001007000110211
222222234444444455556556556566000000000000001021221
222223343444544454655655666666070001001010011021
222232344344344454445445554555565566666667700001010001000111011101101
2222222434454454455565465565656566670000011001011010121221
22222232332343443454454545565556565656666667607000000100000101010111221
222223343444444444544545554654656565665666677700000000010100101110221121121
222222323443443444445445454654565566565666566766770700010001011011011012102121
22222333253244344444443544544545555656566666666770070000001010010101011100011
22222233434444444544454555555565565666566666767700701010010110211111111221210
22333444334444444444445445545556546656565666676667600070100011011021011121101001011021
2223334444344444454445454555465565666566666676760070100011010011110111110211221
2222224344444445454554555555655666666660070100100101110111211111
222222344444445445554555565656656767700000001101011101222211
2222234444454445545455555465666667000010101111101010101
233444444544454455455446556666700000101001011010111110
222234344545445454565601110010101077546655654544447654454543212212225465656666707010001010102101111211
222222334434444345544555465545656666676070000010011010100100121
22223344444454443446554555545456556666670700100011000111101011001021
22324434545343656556556566666660000000111111111221
22223444344444544454554565556565656666667000010101101111101101102210
223234443445444454545510001010000107007544446007565555555454545344432221222114655655666666670000001010110111011111121
22332343434444444454455555654755566666677707000100101011012101012222170
23223443444444445445565556656767700000010101011021101
222233344434444454455454655555656566656667607700001001010101111111112121
2222232323333434344444444544555565656566666677770700000000000010010110121
222323323223323443344444444445545556565656666666666666767770700000000100101011011112211
222224443223334334434434445444555655665666666666666777700010010000010001011012111
2223243343443343444444445455565656657566666670000000010110010011100021000
22334344434434544444545455556566566676770000001011010111011010110
22344444344343434444455454654565656665667660700010001000100101011010110221
2223323334333434444444544554565465656656666676760007100000001701100101111011
2344344344434434443444544445545555655666666666700001001110010701100110101001021000
2234333244443444344445445545555566566666667670000010011010011010171110110
223434344434444444444544654555556665667670000010001011010100101101001
222334433433344344444444544455455656656666667676000701001011001010010101010701
222343245343443443444434454445555556656666666760000000000101010010100101000101
224344334343343434344444544545655656666666676000000001010010010101010007010
22222324446544555565565666700000110111121
2222234434444454554656566666670000000101110121
2232334544545656566566667700010111121221
223222435454554565566566767000001011121221
22234434544555565666666770100111112211
2224334445454565566566700001101021011
2223223435444546546665666666666070011011121121
222223344445545565656656677600000111121211
223223535354555465565666667600010111111111
222222323333444577075444444545555556666666666670700000101011111121221
22222343444446555465565665666700000101102110211
22232232344454545565656666676771000101011221
222222232233244444555656656666666677070010101121
2222343234445465565666666667000010111121
2223334444445455556566667070010011010111
2332444444445566566666666761700000111022331121
2223212232434444455656656666707000000110
222323334444444546565666667761700001110101
22334434444444545665666666770000010100111221
2324344445455665666707000011012221
23222223443444445656666666770070011101
33112233434444545566566666666770000101021121
22223434444455656656666676070100121122210
222334445443555656666667070010012101221
222223223343444444454455465656667760777000710000011121
222321222344344454445455455556666676770070000001001110221
234434444444454455556565666666766070700001010111121221222211
2224434433444445455556666070000000001010110
22232334344444444545455465556566666677707000000100110121111121
222223445344444444554546545656666607070000001010010111121
234324344445445555465565666666666000010111001111111211
232344444444454555565676666700000001111111211
22234343454444444544445536554565556566656660776007000701001011001101111212112221
2222223333444444455454555655666656667667767000001011011121112121
22222343344445454455546555656665666666776770001000101112112121221221
22222324344345454555656566676607000001001021121
223224332434445455655656566566667670000001011102112121
2222222344344444655556565656666666667707001010112112221221
22224334544454546556565667607000111101210021
222233444444445565566566665666770000012102101211221
223434434444554656666677070101111110
2224334443534545555655666667600001101110111100
22434444454546555566566666600101011111121111
222222345344444444455555656656666677001011101111111070
22234333444445455456556666667700001001001110211
22344444444445455656666667700011111102131000
234444334443444445456556666676707000000101101011121
2231223443544555565666666607010010121021
2222223334444445565666666666660000011010211
2223343444444445555655666666070010011010110110
22334443544446545656666666070010001101021221
2222343343444445556666666700000010000021
22223233433444445565566666667700001001000021
22223244345445546556666666070000101101221
2222223343445455465666666666000100011011
2223223244345444546556666666666600010101101110
231334344445455556566566760000010021000012221
331122324344434444545456666666667700000001010011
23432343444444554566666666660000001010111011
22244343444444545546556666666667000001010111111121
2222223324434444544555555666666070000000001010101
232233434444455566556566566666667000001011011134455455443221222112121117776667011
22222223234434445445455556556566767070001000000111101
2223323334444544544555565667607070700110102100001
22222323343544444555465465565666666677071711001100100122121
223233443444445445455565566660000000010110007010021
22444323343444545545555656566667000000010101011010111
22323334334444455565666666670707100101210001
2222323243343454445455654665666667700000110101000001
22223343344434544545555656566666667607007000100101111121221
22222334444344544445555656656666666667777000000010102121222221121
2222334444354444545555566565665666676770000000011011112122122121
2222233433444444454445546565665666667677070000100001010001222445544454445444332322122121100001000070767666611
222222224344444444544454555654666665676677070000001101011112121
222222232344444445544455556566566666770000701001011011121
232232213233443444444545554655656656666666767770700000101010111121221
222222434354344445444546556656566656676677707000001011111111222221
2222222344444444444454554455565665667676070000000101010010112121
222233444344444544454556565656666667677000700010101011121221221
22222223443244444445455465566666667707000010001101021
22223232334344545456556656666667000000001011101
2222223444434544455656666670000001001010
23433243444444545555656565666666000010010100111011111
2224344444445454655655666667617000100011011122221
22323244444444655565656566676107110011011111
2232334444445556656666700070000111221
222222324344445556566656676000111017611
222323344444454555656666670710000101000221
2222232433444445454555656665757670017100100101111
22222434444444445545655665667000000010101000211
2233233444344444544545555656566707010000100000000010111
2234432343454455556556566666670000000101111110221
22223233323344344446556565566656666666666676707000010102121221221101
22222244322223232434445455556565666666666666666666000010110011111111
2222455322223334354555665665665666566766070100111111021111
2222223434444444555555655656566666707010001101011111121
2222434444455455465655655666565666677000000110101212121222212121
2232343434454545465565666566566666666700001101110111121221221
223465334333444455556565666667070000010010011022121
2222223243344434544455546556556665666776000000100101011010211
2223344443444444445444545545655655656656667770001001010101101011021122121767021
232223447544434544545565656666770000000010111021221
2222222323333444444456566666666760777000000111
2222243323233343455456666666676677770000001121
22224432434344445566566676670070000101121
2222244443244344455656666760070000001011
2234444343444445545566666777000001001011111
2333344344343444345565666776070000000000101000
222222222453434456666666760700010
223223344344443444545656667607077000010101766121
223233443445556656667670070010022121
222324343434455666666670700000111
2234334334435445566666670700701010211761
2223234334443445556666767707001011170
222222223565334444665666667770011001
222222324344445454455556556556666767770000011101112110221
23233444554555556566666666770000011111121222221
222222434454544555555565666667670700010111121121221
222222234434454554655665667666670000101111121
222223234354545555565666667670700001021122211
224322222233443554546546556565666766776000001101111111
2234334444445445454545566566667677000000101110210111121
222223444544544555665666676707010111211121
222232444444455456566656676760700010211212121
232344444444455555656556656760701001101111111111
222322233244455456554655665666676700010111011111
2222223444445465555656566666770000010111122221
222222223444445455465654665665666676070000112111211021
22334454554465565466566660000000111021112221
22234334544545565566666770000101111211
223244444545555566566770000111111121
22222243444446545655656566767700010021121121
22234444326555546556566666600001021102110121
2222434445445455465556565666667000000101101211121221
22324344445445556556566666077001010112111121
23453233454554556565666667600000011111121211
2222222433544454546545655655666666676000000001102111122121
223343454445455555566566676700000001110211211221
2234434344445454556556566666677700101111011112111
2345544454545455555656666600001101111111111121
22222332433434443444544456556566666666677760070010001011110111
222234444333434344444444555566566665667666676070000000001021011110210211
22223223343444334444444445455556656665666656676666776000700000100110101210211212121
22222232434344434444545556565666666770070000100010100121
2223433444444444565565665666666676700000100211121211121
23332434445445465455656566666667670000007043110112112112121
22222222222232233434444445445665666666666666666666677000000010010122221
2323344343444435444555566666666666767770071001010210121212121
222334434344454545555656656676677000100100102101210221
2222222323443444454555565565656665667677000100101011111121
222223132343444445445545655665666666676070000100101111111
222332334444545455555566566666666700000101102110112111
223332334544445465456556566666660700100110101101111
22232323344344554546546555656666677000000101001111110
22222323434454545545655656656666667000001101111111021
2222222223434444544555565565666566676700000010110211111
2223232334444454455565565656666666760700100111111101121
222222333444544454546555655656666677717107100101112110221
22223234334444445545654665666666676700000101011121101
222222323434444454554654556556666667600000010101011100021
2222433444444445555556565656676670701002101111111111
22222233444454554565556655665666666070001011110112112121
23355444444554565565656667600070100110111212212221
2222234344444445454555556656666666700710010101101111121
22223444454545555556566565666670000101102102111211221
22322434344444554555656566666700001011101010101
222222323444554455555565656666667000001002101111121
22222243444454545556556556566666666000000101111111212121
234444445444555565665666666700101111102111212210
2232444445445545555565566565665667607001010111111121121121221
2243444444544545455565565665667660000010101111021012112121
22222222323343444444445544555656656666677700000000000101000121
2222223222344444444454554555656666760770000000000101111
233233344444445545555655656667670700000000001101012122221
222232222233444435444455546556566666677770000000001011111
22224444444445535454555655665666777017001701100111112122221
2222243345344444455446545566666677607070100010011111221
223222444444445454454465455546556567600700000010100110101110121
22222234344444445445465565565666707070000710110111121
223234444444454565546566666700001010110100211
222222324334444444455555656656566670000000101010100011
22222223434444454454555656566667777000011010011121
222233434334454545455454565666677700710001001107600121221
22223222324444444544555556656666667707070101010111121
2444700
222332344344445445455455556556566656566666666000010011100110101101111212121
232333444344445455456566666677070010011010010121
22233344444444455456565666760700000000010112121
22222232343344445445655665666667670000001000010221
22223343434455455656656666667700001011111121
22222323444345445446555566566667701000010001001121
222222233344444454555566566666667000001021075601021121
22222324344444444455565666666760700001017102111
2222233243443445445556666666667000000000001121
22233344444545454654656566767000000101000111221
22222222223234334444556665666666666770707010111
222343543545456556666666000710101112121
222224344435454454455454555656566777000101010110100011111
2222323434444454454655555656666666707000010110111101121
235455454454453323121110100000756001023234344445454555656656676070000001001101021
224334344444454555655676600000000101011011
222444354454554565666666000001110111121
22224344444545545465566670001001101107021
22222344444544554465465666667000000101011111
22223444444455456566653656007600011010111210
23332344444445545556556666667070001001101111111
2222223434444545545655656667710100010101001
3212222344355445455565465666667000010010111101
2222233444444445455456565667000001011760001110
2312222233334443544545555565665666767070000010001011011
22233434444444545546555656566567000010101010110110101
223344444554555656566660000101117601122121
23233344445545565676700001001700221
22224334344545555656666600000100101011
2232324334444545656665666670001010101010
2324344444545565656567000001001110211
22233444445555665676000000110121
2253233344444545656666670000100177760222311
2234334445455565666600000010111217
2222244344443544545555656666770001001010010111
222253444445454555565667607010001101121021
22334344454555565656666670010010011112121
2234534444444455546565666700710001011011111
22453333444454545565666666077010100101101121
2334434444454545454656565666667700000000010111011212345565545455444443321221211011010000077000
2222234344454454654546556656770000110101111071
23344344544454555666666700000121011210001
233434454455455566667770111011111721
2234434445445454555566666700001001011111110
22444343444444545546566666007000100101011101
22323334454454545545556566670000010001011010101
23333434545455555666666666671001011101111121
224333434444444454455455656566676070001001010101011070121
2223443454455555665600000011010110
222234444444545555656556666660700010111011112121
223322344544545565565666567660700010102110211221
2232324344444545555665656666666670710010101112112121
2333344354455456565566567670000100021721111121
22223444444454455565665666707010021001011121
2344546555454444312211111000700102234444444455455565665666777000100101011111
2223433344444444545565465656656667667700001001111111021111
2222234444444544545456556566566667007100101011211021101
22343454344545455655656666000000101101110111
22344444444444554455565566670000000010101011102210
22321344444444545555555656666670000000101111102111
22223434544444555465566556667700001010111011121
222244444544544455556656656667617010110101210121121
22344466544444444445555556565666677001001010110111112102121
22234345444545455465565666666670000011011111121121
22222435545454545455555655666666667700101010112111121212121
224444454454454554565656566666766670710011112112112212121211
2344465545445434465465555665656666760000100102111021211211212111
2224344444465600177565555554653465443221211001122234454555656665666670000176012100111021111121
222222244445455555565665666677001011210211211
2224454554600756556545432222122111121010013445445555655665666666676000010111210221221
2344544445455555556656760001010101111112121
2335345445455556565666660700101021111212111
222234445445545555656566666070100110112111211
233444544445544545556565666567600700101011111111211211
222223434444444565565665666575767000101111111121
2222323334444455566566665666676700000111211211
222223243444555566566665666666760000211211211221
22222222234344544445545454655656666666766770000001100112111121
22222222323344455454555655565666666667667607000101211112121121
232323344455456546556655665665666666767000001102102112112122122221
222223444445454546545566566666770010101111101121
22222223444444455454565656666666700000010021012111
222232233444454545455565666566676770000010111111211
223324344454454454455656665666760770000101011101121221
222222223444445455456656665666676077100111211211
22222232434454545455454565566566666667670700101011112101212121
2222222334444444454455455546566566666766700700110101111111101
2222243243433443444544556565656656666770700000100110001002121
22223443444444544454656666666676000700010011112121
22223443434434444545656656666666667770000000101112121221
2312222232334344444454655656566665666676070000001001101211
222222233234433444445455565666666766777000101000001021
2233443444444444444556666666670000000010001021011
2332222322334344444454656556656665666676607000000001110101211
22222334344344445455565666666676000071000001011221
222223333434334434445455656566566677600000000011010000000
2223234434454445545465566666670000010001076511111221
223234454555455565656660000111010110121
2223333545455656656666000010011111
22223444545545665665666700010211121021
23453444454545565665666600001110111021111
2444454455465656660700101102121221
222233454555565666607010112101
22353545446555666667001011111221
24444445545456656666700110211111211
2243454455465566670011011111
22444454545565666600110111111
224343454545566666667071011121121
223244444546546566566676000111211111
22222223223434454546545655655665666676707000101101111121
22233324444455565465565656666666700000011012112121121
22233454355545555566566667700010011111212121
2234354455455565556556656666670010101112111211112221
224431002344545555555656666600000111111121
22233344544655565656566676000011011121121
222223434444565555656566667700001111210211
2222323434455555565565656566666070100102101121021121
22323444454455565566565666670010101111211111
2224323344444546545665656666666000772101101111211
2224434445455565565656656667670001111112112212121
222323334444556565665656656666666770010102112121122121
222434444546555565656565666670001110211211121121
23243434454454455555655656565666666770000110111111121101112221
22222323344444445455465565656666666677000000101111121111
222332333434444445555656565656656666777000000110102111211110
2332443443544444445556565565665666676000000000110101010112121221
2222323343344445465565666666667770000010111121
222222233343444444465556556656676667607000000110111121
2222222234344444544545555655565665666670700710010011101111211
22222223244345344445465556565666666676070001001002111111
2222222223444344544565556566566666667700000001110121221
222232233434344445455565666566666767070100000010121211
232333234434444444554555666656676767700000000100111021121
22222323234344444565565566566676670700000101210121
22322333445454556566566607000001010111
22223434444445555666666677000010111211
23232434345445565666666760700101102111
22243444444546555666667000101101111
2324343544600076575756655444432232211143656567666670710002112221011
223333443444444445666676770700000011010
22234344444545554655666676000001021012102100
22233434344444554656566666770700001011124555454333322122101000700776761
234344444444445565676770001001111100
2332444444444556666666607001112111701
2232434344544454566666670701001101100
22443444444544555566666770000111021012101
2222232434444444445555655656566666770000010010110111121
2233444444455455555565655666567600100101110111011121121
222243444445465465566565665666700000011111021122221
2222333444444455556556566666670001010101101111
22223344445454546565656656666666767110011211111121221
232334454544545655665665656666666767001010111121211212122221
22234344454545565565656670000100111121110
2222243444535455556556656566566676700101011111121212121
22233444444555565566566666700001210111121021
232233434444445556566656666767700000001112121221
223233343454555656656666776000000011121221
226532232344445455656665666676000001011112121
22233334344445565656666666770000010111121
234334434445456566565666667000000010111121221
223332343444445566566676677000001010121
23444434345545666566667677001001111221221
2222324343434444445556666667070070100010001
22222243433444455656565666677000000011111
224323344344444556566666667000700101101210
2322333434434445445656666666666770700000110111121
222324335344455465565666666670000001101102121
2223343243444445655656656667070000000111111
22433444453444444545456566566667667770000010101110211121221
22222234344445445445545556567567667677671700101211112112121
22235434434444454454656666666666666766070001111211211121121
234322224444444445455656666666767070001011111111
222332334344444444445445556666666667670700000010002110211100
222223343444444444445455666656666666667667600010110211211111110
232324432223544443435456656666766777700700170766666602312222212121
222232243434334444444444454544566666666677700000000010011000700210
223223344444434544454556556666666667700000011011110210011
2223434334344444444545455556656666666770000000000100010210111121
22222222233343434444445545555665656666666676707700000001011021021211
222332234343435354535554654655666656666667676070710001001172101121122121
2222322333434344444455566556656566666667700000001010011101211
22223233434444444544556566566666666666770000010111011211121
2223233434444544655656656676666776000000210211212121
222222333344444444555666566666676767071001021111210
2224322333444445455556665666656767600000101101111211
2223665433434444545556656665667670000001110111211221
23343444444444454545566566665666667667700000001011111112212221221
222322222232434344444544555465656656656666666767700001001001101111121
222222223223233333334344343444445556666666667767676770700700001000756000021
22233222222232233334343444444455566666666676767777707770000000111
2312322322333333434343444435446566666667677677777707000000000011
23222232333434434444555666666666776607600000001001121
222223243243343444445546565666667676070700700100011221
22223323343343434444556666666676776770770000010022221
2222223223324332434434445454655666676676070770701070000010
2222323233343334432444445546656666676776070077000070010011
2332222323333343434454555666666667777077000000000011
222232233333334334344434454665666667767677707070700000071021
223222323333333344444454656566676676777770000000000011
23222322323233334344444545656666666666767707700000000010021
22233233334344344445454566676677770707000700100121
22234344344544555565665656676700000110111111211
2232232334444545455556565656665676607001001101011111121
22243323444434454555565566566666667700000100101111211121
22232324444444555556566566670710001011101021
223565322344435455565656666677001001011111121
22453445444444556566566667000011021012110211
224323444444454656556566670700010100111121
22455554555445444322221110100700100223444444554545556566677770001100011011121
222453434444354545566565666670000001101021001121
232532233444444455556556566666670000000110010111121
232465343444554455566566667000010011011102121
244653324344545456566656667700001011111021221
23653233344454545565656656667700101011011102111
223222222433444545455556565656666667600000101011101111
2223323444444555655656665666666000001102101111211
22223566553232443444546556565666666666700000111102112112101
22433232433434444444400000000754545655656566566676000001010111101210
2222333334444556566566656666677071010102112121
2222233322332444465665665666666666667600000101211221
222222232334444444546555654656566666607001010011102101700
2443223324344455656656665656666667700101011701222112221
22322324344444454554555555565666567670000000010010110110121221
222445532334344444454546555656665666667670700010011010111021121121
24434553244334543554455555665656566666676000000001010111011110212112121
22222334344434544445544555556565466666666666007000010010011101111111211
222233343434445445454555566566666677007000010001101111121
222334344444444544554545555556556666666666700000011010111021011110111121
22223444454454554654555546556556565666070001000101101011112111212121
223222245444444546545565656656566666676171010111211111210121
2232324344345444454545555555566556666666707000101101011111121170001221
22244434443444444445455665666666607070001000101101211021
222233243344444455455655656656666666677000000101110211121211
22223434477666532233444444555555656665666677000000110102111111121
24343444434454544545656566567676000001000101001110122311
223443444445454565665667700010101101111
2312334344545455565656656676670001101021111211
23243344544556565666666700001102111121
2443444444454454545465565656566666770700010101011011121122122331000
2344444445445445545555656666670007010100101101111022344555554555445443212111110101010000701
22232324444654435444445455665666666667667707001001101121121022211
22234334444444455456655665666656677700010101211112112110
22222343445444455566565666566760000011111112110
2222235454454554656565655666676000111111021121121
22222224454445455655656656666667010101111211121
2222333343454665666666666600001211117
24443334334445554656665676661710100111017022100
22332334445656566566666701011217702221
2232332535444654566656666666676660010112112112121
223343444555656656666700011111111
22223222334345566566566566666666660711121112111
222433444435556565656666701111011170021
24334344444656566666677001021110211
22231233444445454454555555656667070000001000110101211
22334444444455455556656666700071001001012121211
222444444454555656566666677000011102112212221
22433434445465455656566607000001011101121
23222233444545555655556566666660700010110111121121
2224434344445455565565665667000010101101012111
2222224324344454445555556556656666670001001011100111110
2343344444465445554655565565656607600000110031000101021021122121
22223444444545556566545665656676000100121121010211211
22244556544444555545665566666700100110102101123310022431000
2223344444355454655565656666700000101111101111
223233344444445545455556566666677700011010111011170221
222222233444444545556565656666677000001010111211
222222233444444555655656666666700000101011121
222443234444445555666666677000101101111
2232243344454454555655656666700010011100110011
23212323434444555565565666667000010001011021
22232343444545555656566666666700010101110121221
2333334444444565656566666760000010111011021
2222223233443445555655666666677000001101011
2222434434445454565665566666660000001021101210121
2333132434434443444545545555454666656767070070010000100001001011121
232233223444444444544554455465566666677070000000100001001011211
222323334454444444654655465566666666770700000100110111212121
23322343444444444454544466555566656667677000001100100101010111211
2222332344444444444444555555665666667607000010001000101011111
2223233444444445445454545655556556656666670700010000010010011011112112221
22232243323244454535544454565465565565656667660070101000010010101110121011
223122324344544444444545545555556666666077000000101010101100001221
2233443344444454545465556565666666676707000000010111111211221221
222223444344444444345545454565566566666777070000010010101101111121
2222222334444444445454545555565656676607000101010110101100001
22224344444444454544454555655666666607701001000101101011102121
2222224444433434444444556556566566666676770000000100210101112121
22222233343443444445456566556656667666667770000001011111121221
22224431012334343444454545565656656666666767000000011010111121
22222323343434344545455556556566666670700700000100010111121
22443223233434444444554546556656666767007000010001001011011
233334334444444556566566667666070001001011011211
2235343434434444445556656566666676760000001010102110211121
222224343434344444353544565656666667666707700000101010111111
2222233343333343443444545565666656666666676767000000100101002101110
231313243443344334444444556565666666676666776070000000010111112211
22324344344444445444454455565556565665666677670070010010010110111021121111221
23244434445444554455545565565465566566666667670070000101010210112111221221211112221
22222344444454444545455565656566666666677700101011111112121121021
2222344445444445444554465546556556666676070010000101011021121111111
2222244445445455445555556565656666667760000101101021102121112122221
2222324344444545545556565666666667700000111111121212217
22222232433434444445455455565656767770707007000101111121
222223212222243444444554555665665677607000000000011
23433443443444454465667667767070070101111121
223446653222222444444554445455566707000700000001001011
222234444445344545666666770070001012111
232435443444544554656656676700000000010110122221
233334444544454444565567760000000001001001021
2223244444444544545556660770007000001011221
22434444444444455455566666670707000100001111212221
2222334433434444444455546656666666070700001000010001111
22333454444434445455665666666770000000010011121121
312231223343444444454665666666766676077000001121221
22222435434444444544566676677070000000110221
222222222222324343454545465565656566566666776070000011010121021
2222232333344444454556565666656666667677000101010210211121
222223234344444454656566566566666676676000001111121121221
223322233234334444454656566666666566666767600001010102111111
232322343444535555556566656676760710000210021111121
232444455433444344445454556565567665654660107700001010101101011010121211
22223232344334434445455565666566666676677700001010111102111
2223222334434444434454455565666666666667666777000001111111111211
222332324344434444454545566566566666666766070000101010111111111
222222223243444545655565665666760700000111111
2222222323243444454555555655656665676760700010010101111121
22222232334445445455556554655656666676000000001101011111121
23434444544544555555556666700000000101111211222210761
222445666656554555443222211121011110107243454544555655656565666760001000110212111221
222222222322432454545455555656566566767070000001001012121
2222223243444454565465565665666667600001011011121210
22232334444444454565656556656566667600710011101112111111
22222343244434444545545656666666666666070000000101111212121
222222223324344444454565656656665666666666667670000102112122110012221
23332132233434454445556556656656656666666676707001100112101121121211
2222222333544445456566565666666676700011011112121
2222222222223314445444340755456565666666666660700010111760121
222222222334344455454656656666666666670000010211100221
2243222234444445555656656656666767000000111210122121
22222222333344445444545566566665667666766770001010121111121
222243444444544556656022111001007576656665655655544322222222466566757760000111121121221021
2244322334444454556565666566666666667000001110211211122121
222322244444554655566566656667600000112101212121
2323243444444456565656666566667670000011112121012221
22232223334434434434444444444445454455566566676777770070000000000010000100101011
223223343434434444444444444544555546566667670700701000001000010010010755544450700101102121
23323233333343443434434444544555565666666766077070000000070000010000100101
2224345344534343443444444444445545556566666667770000100001010000100100101010101
233324334434444444545544655666667070000000100000100010021
2232223443444444454444445455546566666767000000010001010100101010
2234353334343434444444444454555566766666707000000000010001000010002101
222444432233324434343444444444454555665666566676676777000000000101001010011001110
2222432434343444344444454454545656566676077007000100010010010101000
232222333343343443443444344444544545555656666666776707700000000000000000100100100011
22222233334334443444444544554555566566676777000000001000010010100001
22243444443544444555565656666666700000010110111111121
224434544444545455656566666670700001001111111222311
2343444445444445545665665666676707001011112112111111
223444434454445545656656666676000001101111121111
23432244445454454555465565656676000001010111011101111
222244455444544545565566566660000011101111112101
234444454544454554656566567667000101011101111112221
2344443243334334443454455445556566666676676777070070000101011010111121221
222223333443444444454456546566566766077000700010100101111
222344323434434445354555566566666677770000000010110111211
2244433434444444354545565666767770000000100110101211
222333344444554455556666670700000101011011
2224324434444444444545665566666707000000100100101211
2222234433344435444555655666667770000000001010111
224343232122655344444444556567677070000701001001
23122234443444454555666677700000010101
22233222655443544455566676707000010010221
22224322243444445456556666677000000001011
2222322444344445445545556666777000001001001011
23243122233254444444454555665666766070000000000101011
321222332443444444444454445454546545655666666070700700000100010010011101101
22222324343444444444454455465565565666666707007000010001011010111211
3212234444444454454554555465565566656670000000001001101021011112121
22233343444344445444544555455565666660700007010000100010100101111
22334344354445455466534566565667607217600010110001101022121
222233434444545545466545656566566667000000101010100112121221
2223344344445445445554565556566677070000010010101110111221
222232343434444445455555555656566667600000000101010110101111
22234334344444444545545555556666666770007001001001101010122111
2222334344434444445454565565666666766077000000101010111013211
2222333434344444454545565655656566666667770000010101011011011023121
22344444444544445545455555655666607000001001010101110111023101
2222222222323243243444444445455454656565666666666666766777707700000000011012122444310021121
2222223233333434544445555655656565666666676607700000010010010112221211
2223122222323233344444445444554556556656666676667677700000011001010210101
2222222322223234444454545465656666666766700700010100110
224431232233343443444445465565665666666767600070100001010101101
222222222232333343443445445456566666566676666676767007560110101010102121
22222222322333443444443454444545555656666666767777000700010001010101010
223222222232334343444444445455656665666667667670707000001100101110
224322322323443434454454445555655666566666767707000000100101011017012221
2432212322333343434444454565665666666666666767000000101010011101
2222232232234334434444445456556566666666667666676676776070000001110111222465545454454333332232223222222221211107000076077076675665654546660001112121
22433322333344344444545655566566656666666770000010100110101110110
222232334344444545555665665666676777000010011101212221
222223324344544445545656566566667607000000010011112221
22232344444445455456556556656666670700000111011111211221
222322434444544556556566666760700010011112121
22222333434445455565565665666567666070000011101112122121
22222222434344355355555656565666666676700000001011012121221
22222244344544454556556566666677010101011101121
22222222323444444445455555556656566666567677007010101111111012121
222233344444454555556566666770700100101111121
2232434444444445455566566667607000000001011212121
222234344444555455655665656666667000111021010111022211
22323234443454444454454544555565665666666777700000101010110111101210121
22443444444444444544554456545655666666677000010100110110111011011121
222243444444545454555455546545655655656666770100100110101110211011101112121
22222334434445444454555555656566566766707000100101101111111211
2344434554444545545465465656666677000101011102111110211210
22323443454444544455555566666666770701000101110210121121
22223334345444454455556565666676700700001001110211121
2222233444444445445454454555565665676667707000010100210211121221223445676565565455544543323212211111100100101000077656665660021221
22222434444454545454555656566666670010010210121000101121
2243435353535454445554656566666666070700100010011102112121221
22356543344434444544445555656667677707000010101021102111121
22354344344444445445545565656666767000000001101021012110111
