2223434444454543433456767556666707000112222210100755556660010012121
22223444354444654544435677655666670010122322102110100076545566567010111221
2222233444444545533334344677076766655566667001121222121101100775665556600011221
2324343444444433434344446770077666555656566677070101012222222222101070754655666600010212121
22222233343444454553333343445777677766565465556567700000002122222122121010021077665544666760001121
222232344444455555554343437577775656556566660700101121222122222110211100766656555656660001121221221
22222334344445445555323333333333243323324667676776777767767777665655665666000101212122211211100107666655456566600011112121
2223234344444444545454333444777676565565656666600000101121222222321010100010076666565346666566657000221211212211
222434343444544545543334346777766565556556656660000017112112212222312100101070765446556565670101101122121
2222222323444444454554543344346670766656565655666607001000112222223221111101001776665454565700001011
22234343444455445554432333436677766775565656656700001011212223221101110000766655565666001011221221
2334444432233324344676776676545656566760000121122210007001
223435443323233546767676556566666000100212222100700
22233444443334457677555656666670000112122123100770
2232444354445533323233232122445666666767676767556566667000010211222210766000111
2223344454333234567667665565667700011122222107700
22334444444533334324467676775555565667700011011212221001776001
2324434544453322323232232446757666676766765565666660000011122222100007001
22224344444443323456676656556666601002112111010766570210
222222223444454555322222124456656666666660001111110076566560001
222222334444445543212222135566566666666667011211110076666667021
2222222223344545555532222212446566566665676000101121110766756700
222233434544553222221224655666566666700011110076666001
22222343443454431322231445667666665654556670010121211000007654666600011
2222333344443232224456676655555656667600001102212222170076566567000121
2222232443445455543212221124546556666666676000112101107756566600211
22232234443444332122456566666555565566667000110121122222107076666670021
2222222223334444654556532222222222536666666666665667701211112110007666656666001
2222332443444444313223232446666776665445545556666070000101122122100000777666000
2322343445455553222122122122122345666566566566566656666660001111112110076656567011221
222222234435444555453222122222322223566666666666666667600001111017076656566710221
22222434344443234466666546556666760000121222221000076666001
222223223234344454545543222222222334575676666666666667701111110101776676666566507012221
22222232323344444455455322222222222234446667666656666676770011011101076767666565770121
22222222323234434445445455532222222222223446666666666666567666700012101111010076767666666701
2222222333344444455454322223223546666666666666760011121011100777766656666071221
222222232334344444544545565322222222232466666656666666676700211211101010000776766656656000221
2222222222333344445445555532222222222346666665667666666700111111100170776666656667021
22222222232234444445455455322222232222123244666666666666666665667000011101101100766666665507001
222222222223232333353444454653232222222222234566666666666666676660700021111000077676666666665677021
222222222222222232334434544555465532222222222344656666665666766666670110121112110107776666666666666660010
22222222223344444444444545455322222222354566666766666660000211110101000007766766666000
222222222322333444444445455455322223222222444666666666666666660710111111010100077676666666660000
222223232232344354544554532222222122223122243556666666666666666666666600011121100110767666766766001
2233443455323323334460777667665465565666000001212212221017765566701121
222344444455433333344607777666565656656666700012121222212221007657000121
223234344545465433334344456000070776665665656665666700021212212222222111110076665665600021221
22222334444432322223233467676766666556555656666000112121221100177656567011
22343445454433223333367677676765555656667010112122111010766655666002112221
222334444654532332334660766767656656656666000121222222111107654665676002121221
222222334435445454433334343444600770707607756566566670001212222222110010776656567011
2234344345455332332434660767766756565666707021122222221101707656567101221
222333444454432433443670777666565656656676000010222122223221010076666001
2224465334344444543223232332467667667667655656656666660000022122122223110100707666656071212121
22234344444444322324666676665556565666700001222122221110000766570021
2222323444445445543223233346767766766665656566566666660000212212221312231111110170766566565666001221221
222223344434454455332444667766666676770012222123211017076656566000121
2222222323334443535465333333466677777656666666700012222222211100077666665667001
2222222232343344544554533324666677665665666666767001112222222223221110000776666656666600121
2322323433444454454545534344667007556665656666667670000111221221222232331110100000776756565666000121221
2233234343444444455455334467676656566656666667666700001112212222222223232211100100077766556565656670001112212221
223222433344454554443433466777775665656666660001011122222222221010076765566666660001222221
222222334334444544554433344466777776566566666770010212222223221111710076666676001
22323243344444444455444334466777655665666670000121222222211100100070766665656670111221
222233334444444545543232225566667666655666656660700110022122223232111001007076665666071121
2223222322323343444455454433436667076665656666666666600001012222122232223211100070767676566666600021
2223234344444455543322245666767666566566760000112222232221110000776567001
222232322434444445545433322212244465666667677676666566670001212232211110100766665567701021
222222233233344444444455332331143546666677676566656566660000121121222221010000077767656567001
23222333334444445455532223222122445666666666676766666676676002123222222112101007077765656701021
22222222232234344445445465532322232324446766767666766566565666667600112222222121121010101007766556666566700121
222322332343434454555323222212244566666666676656566566667000121222222211011000777766675454666700121221
22222223323433434554544533231222224555666667667666565656566667001012121222221110107021777766665546677101221
2222223323243444554445455533222224456666676767655656656666000010112221222222111171100777566667001
22222223333243444454454323322222444566676767667666665666560001221221121110107076676656667011
22222233334344434545445432244556766755666656676000001212222232111010000007776566656700121
232232232333243444445543232222354666667766666566656666666000021122222223121011070761767676666665555607012112221
22222222323344344444454453322121244546666666766656566566676600000121222222232101010007077676556660001
2222222322333243444454565653322223446666666767765566656676700211122222223121111007777677545667010
2223223222345444545554333232445667676776555656666000110121132211101100076666665656600012221
2223244444554545555555332222221344656656767776665766070012222312111110111007656565660001221221
22222223343444544556555434344466007077566666607001222222212211111007666665660001
233233243445455565543332324666677777566667607000212323232111111076767000
22222223343446534455445545543444454466001000765656656665667670700001121222222223232211111000170210766554566700001
23233333444455434444446600000766565666666700011122212322310177677700
2232333233435444553332332232222222222222121211135354555666566666666666676676776766777656656666710001222222222111077767676701
22222223334444444455543432323356667660776756565666657700700100212222223232221110007776665665070121
222244444444544554555465554444344670707656566566656667000000121121222222323211121011011101076665565546566000021210212221
2232222222334444444555465334344467707766565666677000000122222323222111011776666666660000
22223243444444453444443322244455677070077676665666666000001032122222212107666666700121
222222222443544545555554322312222445666567667766556560000121211121111101766667600
222322232324444455456553322244566676667656656700112121212112110767666676001
22222223222344545554655533223212244656676667676565656600112112121121101107666666670
22223224444445554655533223222121224456556666767666666656566700121121112121111107666656657600212221
22222222222223344444555565654653322323244467676766666566760010212111121211110075666666666700
22222222222334444544465546533332222221122444446656676666767777556566000112111112101007666675666000
222222322232244355654565556533433222221134446566666677776665656670012111112112111107666666770
222322223223454655555653233323121245465666676076666656660001210211122121176676666701
2322232223454455455556532322323213445666767676666565660011102111121110107666667000
31233445555655656532333222312222113445656666666667677676656565700112112121211211176666666002222221
23132222323454554565465532222232223456666766666666667001012121121110766766576011
2222222222223434454546546555533323211123544466566757776676665656660000212212121111211211766666666667001
222222222223234544545655655655332322212344546666667776766665656700011221212121211211217667566667000
2222234454454555431222222244656756666656666001110111011766566566701221221
222222323453554554322244566665665665670112111110111076665665660002211
22223454554554555432222122122244575666656666656600001210111100117665665656667021212222221
233233444545555555654321222221222122222244566665666656666566667600000121111210111766666566656700212212121
2331322343434545445453222222122222344657566666575666666660701021110110100767656665666070221121
2224322334354445545555322222212222222344666566666666566666666666700102121111110210177666566566667011221221
22222222234344545455555532222122221234446666566656666666666000001112110211107666656656666000122121
22312222344454555555655532222222222212122344466656666566666666666760000001211211121176666566600712221
2222223434545445555555322221222222234456666666666666666000001021111110107566656660002121
222222334444445454555553221222222221222234456666566666657566666707000111111101107665665665700012121
2222334344454545555532222222444466666657566677000101211110210107666665665656671002122122221
223222222344444455545555655532221222122221223445657566656665666666760000101021121102110176666566656660000212211
2243222224444545455555532222222222445666656666566666760000210121102112107666665666656666600002212222121221
223344445454333244467767665656667000112222310100176656601121
2234444445454534467655656566700001122221311011000756566012121
22222233444445465444666665666666000102212222231110007765666570221
222334434545444344660765656666660000211222223101000076575500211
2222334445445545533466676556566760000111222232111011007666565600022310
2222334445455543444660075665666701112221212101007566567121
222344445454543434466007756556666660011121222221010107665657012221
223343445445455333566775656566676710011212322231021001007667656712221
22334444455453344467776656666701212222111101776656560013121
23234444455455433254667076556665676001011222222211101076565660012121
233344445445444344667765565666600000211222221110107555660001111
22243454545543325666076556566700021122122111075656001221
2444344454545344434567000755565566666700000121122221170111111
2232434445444554543467655556556565666000001111121212222210101000766665670122221
22222222323334344454323666655655654656566566667701110212121212221231010707766766557000
232222222223234344545543357666655655656656566566760111121221212121222211110076667666666700
2222222222223344445445654334676766656565666667011112212222222111017676666566770
2222222223234434454445543656655545655665666666007000222100212121760233222222310001000777666666547001
2232344444454544456656556545665667710011012112212232100100076566667121221
2222324344444554455554666555665653556666660007012221111112122123221011000076666656665600022221221
222224344444544543256566565565656666666700111222122222221110010007665655656566001212112121
22322233344444455332246666666556555656656566566701021112121212122221210117007676666001
222222334444555544356666556555655566600011121121112212101110076665666556000212221
22233434545444544321355566607655565656666666670021121212212212211010000765771221
23224434454433432225656677076555565656666600011121212221110076660121
222222344453555433344667775655565656666000012121122221110107666660121
22334444554546543232221224565666666766565656566666071011212212221211011100771
2222222434445454554433223223221254566666766766765556565666567700112121212222101101100076666721
2222233444545432333245666777665565656566566670111221212212110101766565667111221
222223344454555543233223222122245665666666766760765656656656676001112122121322110110076671
222222333434444444454443222466566665555666666666666000701010221222222322221010000007776666555670101221
22222232344444554545322456665655654565556566666770000110112112222222221110110076666656665466660002122122211
2222233344444454544333566676555555656666666666600001101211221221222221110170766566565660001212121
2323344354454555333335666677655555656666666767777011122122122222222222101010007656546677102121221
2222334444455454555555332232556666776656556555655656666677700010011112112122222223223211102101110076665665665665666000212212221221221
223343444545455554433354677676555556556556566667000000101111212122123222211111010076656656556576001121212212221
2222223434445445545545533222246656666666555456556565656665667667700071010121222212222312231222110111110101076666565655565666700210212121212221
31224454444545544554555534444454446600001007545555665666666607001011212122212222221110111011001017754655655465554565600010112110102321121
3222244443122104455655555660001210017666000
235544546555555555545324344444466000007076546555565767070011012222122231110211112101111765755466556565665600021121221223210222121
224322122344445444555455555553232433243243443466666070777777676556566567666670001102122222222232121111011110101076665665656565655565671011121121211211
222222222244476666666665666660122221
2324445544554544554565445554654333434433546070707776655655566556566666667000000021212122122221322222111021101011101110011017655565565555565557710121121211121211121
244445544545555545465456543223343444666071776656545656666666070101122212222121002101110111102101021000
233343454545432122243556666666667565666000001102223211010755660010121
22222344434454433223354456766676765565660000010112221176567001001
2222345444545433232112224545565666667600756556670701212122117660000211
23223434445454433221102344446566666766775565676000211221110100756666001221
22222222434443454455432221123434446666666667676565667607101021222211007675760001
2222234434444543222323446666666676656556566666670000112212222222110076677011
23233444445455323222445666676665666677112211111007656556760021112121
22223432444554443323223214445456676766607676656566565770001111121211700101
2432223434443545444343234466667070755656676701001122212211007656576000101
222432434444445455332244456766775566667601001012122311100756770101
22222344344444454433223234456667667676565667700000111223210007556760000121
22312223344444444544332232233446666667676766546566600000011112110107565666070101
22222224344544545543324666767656656566666600111212122223121101076666656660022121
2223244444554345776556566656667001112221222222110076566600221
224334455343446777665565665666600011221222132121176667121
22344445555322122121134556566665666666656556666600121221222111210210765666102221
222222234444565432446666765565665666607002122222222112121010756657610
22222224444545555565434667756565666666000022122122222221211101176665666601221
22222334454555532366667565656666667600021222222222121111076670
2222443444454457655665665666660001212221222312102177756660121
222432234445546532211222324666566566666666566566666677012122322222121021111776656670221
2222222244444545555431224566666765566566666666600001112222222322311111110075666567021
22222324444454465455543222122221224466566566666676701010211011017766666560121
222233344444454543322321244566667676665565666711011222111010000767665660121
22222233443545445433323222456667676766655566701112211110100007666656660211
2223333444444544554432222122465656666766655666566770000122123223221011010017077675665601121
2223233434446545455323332221122546565667667767555670012121110100100767566001
22222323344454455553332323446767677675565656660710122122221111017117676666544600011
22223233444545555565331222222134656666566667667000212210211110076666700
31322224443544454553333322466666777655556701111111101010076665660001
2222223344445454654655532222212224456666666666666701121111121010007666656566001221
321222234344454555555655322222222124465666566676667711121111111010766666566601021
2334444445545443332466677665556660011012211101010076656565656001211221221
24333454445543332121102335546566666677756656676000021222221101766700121
22223234444532212223566656566666567701212110766070
22222323434444322222222556666667666556666600021122211076667670
222323344444555553322266666666656566667000010222232231211021000775666001
22222222433344445465322222222244566666666566677072111101177666666700
2322332433445453212222124336566666666566666670021121010776766710
2222233334444322244465666566660710211017076666070
222223434445532212224346566666666660000111076650000
22222333434444554553223266567666655656566677100112222222211210101776666667101
23232334344454325366656565666660700112222222100007676676011
222233443445432221334566666566666667101211010777600
2232332444443223455666566666660011121010767771
2243343444444444544433234444607767655565666667070001021222222210010710007655655466600110111121
23323343444444544543343446777655656666667600700112212222232100100007076665565465607111211211
2222222234344444445443232325667666665556567670700022221232110101007076656566556670111221
2222222323444444454453334444457000775555565666666660070211122122122221001000170766566556556700211121
222222433444444445454432332124556667766555556666666670000121121222222110010070017665655566660210011221
222334333534453445322232234323446607677667665354554655666666667070001121221221221170000076100766656546546665556100022110121022221
224322323432355454444433243234324446777767765545555665666766760700001112212222222221001007010767666656566701122211
243234344444454454554533332346667677655566666666670700102112222232222110010101000776666565666000212212221
2222222333343443444445432323233324466776767676655565666666676707101222222222222110000070077765655665670010121
222222233444444445445332332332344676767677666546556556667607000002112122222311010000007765655655666001111221
22353324433444454332232333466767676655555556666666767000001122222221222100100707676656566600022121211
22332334344444444432333334467776776555465465666666760070001022122122223110170007076665665476071122121
321233434344444434533334332446766777555565665667667770000012222122222211000000707755655666000211121
2222222233444545445555432224565667666555666566667000001011012222323322101111001776656656600121
22233454444554533344667676565565666666000010112122222321010101766665665666002122122221
2322222224353545455546654653222245666667566565656666607001021121122223231121021010107666665566761021221
222222223444444454545445453322232444666766676755566666670001001112222231011010001007665555666600012211
222222222234444545546544323224566667675655655666600011102122221111101107666566666011
222222223344436544555545432324566667676556565666676001110211222232121012101101766666666001
2222323453455455555565434332224566666607775556565656666671010012112210212322311211021100117665665656660012122121
2222222344544445545455453244656766556556666607000110011222223221110101010765666667012221
22222223344454554555432323222446566766776756555656566666770110102112122222321111101007656666565667012212221
2222224353545455555432446666765655665666666071011021122222232111121010076566656700222221
2232433444444454545455332122345665666776655565566660000000102112122222311010100000765554566600010021211
232343444445445545553234446660767565657657670001121222322211110100100755566671011121
222232344444444445445533434444545666100000775656566666670000001122222323211100100000076655566670121211
223343434454454454323332324566667776766565656565666667701012121212222222210100110775456656600001012121
222222324324344444444455433323324435667767677665656565656667677000111212222122322111010070077676545656666000121121
22222223344344454444545544323232333334666677767677666565656656666700111121221231111100100000076665666660002221
2222234343444444444454432323233343446677776767765555556566666666000001102112212232210100000010700766565655667011121221
2222223333443434444332456555666666666767700212122222221000700777666656566666002122121
222222323343444344454343236666555665666666767700012122222223131017000077776665654660001021
22333444444433223256666544545666667707001022221210000077665671211
223223344434544453322665656655666666766000122222312110100170766656600111
22222322334344445455432234667666666565665666666700012121222222322210110077766666607021
222222222322343434444553245666566566555675666667667600221222212222222122211101707766667566666660721221
2222222323344344444322222444666666656566555565676770001221221212221110007766766567000
22223243243434344444533565555546665666666766770700122221222222222221100000707767665670011
222222322232434353444454565565675676567666607102112231222222211170766676666660100
22222222323434444444544566555666666667666710121222222221221171077676675651000
22243323343444454553253375677666556666566667660701012311312321222221110077676667011
22322233244334444454545554465656566656666666600700011122323132222211110101007076776666001
223234434445445453223244466776655555546666666700000212122122221101010000076656565600111221
222222232434444444454454323445776665555556666666600010212221212221110011000000767665545554666010111010
233333444445544546532322333566776766655556555666700001011222122221110101000077565565701111210
222223333444454545322222235666666666555565566670000001212222231110100000776656565701121
232343444544454532222335667666666556556666666660010212122222222110110001077655656567102121211
22223434444445454545432223224666666676655565556666667600000112212222222221110101001007756556556660011212121
2232233444444554454333246666766555465465656566660070101111212122213111011000077655555665000021012121
2223343454545455332346667666656565556666770001112122222223210101110077655566567011212221
222224325353545455432322222465666667675655565656566667700011211222221222311101010007656556556701121121
223223344444454545324665656545655656666670701111222213222110111001007766655656601021121
22322324443444454455443145666654655565666666770010212122222122211101001070076565555655760112111110
232344344444454453323433446670777655565656767000112122221110010000775566000121
222334444444543443445070765555565660700010111222211100076560001
2223344444545443343455007076555655666607010211212221110100765656660021121
2222432443444544545323324656776655656676701012222222100101000767655671110
22223334444454544555443434446600775655666607001012122312101011001077655444566000010101
222232344444445433234346607776665556566670111212211110007666667021
22223343445445444323322145666767675565656666700111122222111010707665656601121
222322323344344454534344545000076555555656566770010121121222122110010707676766600
22222344345445454323232332346667677676755556566700001112222101100007566660021
22222324344445444543243446677655565666607010211222211100100077666600
222223243334434434432122222214466566656665545555565665666666676767000011212122222122222221107007777767600
222223232333444444554544553222234666666665665556656656666677607000012222222222322222211111101000170776766656655555700102102121
2222232323434344444322246656655465465556666666766707001022212222122222221000007076766665666000221
2223334343444444432221221221244656566656665655555456566667677000001222222122221001000070077560000
222223334443544454543221224565656665555656565666676770012112222222221211010100000077665466710021
22222323344444433547676656556666660001212122222211007766666600
22223223244344545334467766656566666700121222222311110767666666000
2223232223444444544466676566666700002222223221110766766666701
2222222234445445544345776556565666000010122122322110100076656556660111
2222322343444555453334667607565656667000012222222311110007666666701
22222232344444546553333446677775665656666700012122222222111110766666666001
232434443455454344677665556656660170002122213122221010077665666601022221
24332224444455455653447666665665666001212221312121110210767666666566660112222121
22222443344444445444345607755665666607010211222321211000776666666000221
2222223234445545546544457675666566667701102223222231211111017666656660011
22223433344445565432456667566565666600002212222211212110076765666756607002222221
22223232244444554556533234666766676566566670000122222322212103210110776656666660702221
22223444454545555565453222222232343566776666666566545660700011111111211021011765666565560001021221221
22222223444545555555532223122222244466667666665655565566000001111111111111177565666544407000012221
22232324344544555445565323223233222446576677667676665665455567000010013123121011112101010076665655444466000071021121
222222434344454544554554555322222222323446667676656556656660000101101110210101100100077554555345477000001111
2222222234444555555565566556565453322222223223446676676566656654660000010000111212121212111111117666666565655346677001022221221
222333444545456545655655653222232222223344657776666666655665466600000110122112102112101111007755765655656555070012121221212221
2222432344445445545555556532222223223345677667666665656556667600022121111121112101110100707656555566544677101121121221
2222223434454455545654565456543222222233457676666656665654670001111111111211011101117765665655544466700011111221
2222222232434454545555455565455532212123222232333456607776756656565666666000011111111110111110100766566555444437667001701111
222253544455545555565432222244666656565655466710001121010111212101110176657555656110101222221
223444545555556545655555321222122222223244666766665665665566600001010111111176001011122121
2222233444454432233445444556600101077656565556566567070211122112222100100075656660111
222222323344445455453445466601765566566660010212122221111010777565667011
222232334444545443443667776565665666770111221232221101007766600
222322243434432222212212212345666566566566656545565656666667070101222222122210000077567600
223233444321022122222221222122354666566566656666556666554654656656667600002112212212100077650210
2222233345432144465655555566666666700002212212222110007666000
2223243435321221121111244465565465566565565654566565666760772102221222222110171776667121
2223233344443543222232224657566766666555666566676700010121222223221000076667701
222233334443222221222122212456655666566665666655566566666676071012223222212110177675666600221
22233344445454333222446666767656565656666670001112122131321010000756660021
22222343444545445323332222465666677676565565566666767000101121222222231110101775666001
2223444444454544434445607655566666700001121221221100100756565466000121121
2233444544555543434445707077555565656701011121212221111000755656567011121221
22334444444444544533343456707765455565666670000011002122222211000010077556556660021121121
24465443344433211454565545556666667666076701222222222222100707675660011121121
2344344444445355443334466677755565656666600011121122122101101000076656566670112222121
23344354444454653333334344466707077776655556565566600000011212222221121010000176656656670212212121
23553444454544555434446607565655666567700101121212222221210010007656566000212212121
2243434445444545454434466775565566566667600101021121122222221100100176665566660012212211
2244455344444445465334344567070755655665665670021021112121222110010765656700212211101
2224545434444545554334435677076555655566600001112122122110111077656556565700212121112111
222322343434444432222222224356666666666665566566700070122222210017776666670021
23343445444443232322244666666677565556666767600000112222223210001076566566546660101112221221
2222232344454454322222222244656666666676665656600000211231110076666701
2222233334444443432222322223232444676676667666676555556666667600002112212222100071777666567011
22233443544544553322222466656666675656656666700010122122233110110100766656566710122221
234434444544455454323223245666676767565666666700000011222232321101010007565566670121211221
2222232334345443322222222222456566666667566666566660011211110077666666670221
222222322333444445443222232222465666666766575665666171212111021077076666666660021
222222333434433223223446666766656545666677000102212210077666666660121
222222323234445433223232233234666676766776766565665566576071010122122223110076757656701
222323344444444323232465766766655656566707001022122222101070766666600221
22223224344455432223222223244476666766666666656556700112210111007666700
2222222224334444444445432122234465666666666666666670001122222310010007076665655546607011111
222233344344445444445454333211233566666666667656666666700011211222231010010000707765556545670011012121
2222223233434444444444543221222122244556665666576666656666666677000112121222223210007000077666546556700100221
2222222233344444444445454432222212322445667566666667566666666667000012121222223100010000077666566555600001121
22223433444444445444454453223122222444665666666666556666667767700111221222221101000710170766554444455660761010000211121
222232243344344444454454454544332222221122244565656656666767765566666666760001012122122223110100100000000707665544443445466607000000010111
22222322443443444444454453312222446666666666661070766556553666700111211222223211000700077665655656000101221
22222223333443444544454444545443222222212224466666666666666666666666670011112222231010010000000007776665555344566000070102121
2222222334434444444445443544453222222222221212344566566666666666666765656666666766666000021122321222232310011700100000007007756655444435666070000011121
2233344444454545453334466676666666701221211011010000076555446700101121
22243324454544544545554332246666676556656667000021222222211101101075656670000011211
22222343434444445445455532246566666756667600012322221211011010076565665666600000111121
2223344343454454455454322235666666666666667660001232232211110011100000776655465445600000111121
2232223224335344544455546553333223323245666767776776656666700001232222100211011100777666555435660000100117
23222321224454434454454555532446667665656667000102222222211110110076565666666677010012221
2222432123545465354545545343666666565656566656666760000021122122222232221211017656657000001101121
22334343444444454545434456666656565666667707000101223223232321111010010076546566000070100121
2232433343444544554545355666656666670700001232332221121010010765565666670000010021221
2223233434444444545465333212245656667675565666700000021322221111100007555565667000000100221
2222324344444354454654336566666666665667670112322222221211110000756566666667617110212221
22233334444444454533324666676656566666700010122222321110007666666670100121
222223344354545433434446670707565656656666700101102212213222101707565656566000212121
23243454545555653434332566667000775656656656667001111212122223312111101765656666011212221
2224344444555334344446707707656556566666001112121222211110765656566660112212121
22223334444555434434356670007756556565656670010111121122223211007666556660012121
222334444544545545324534456700756565565665676600000011221212123222111010010765654656660012111221
22222343444544334343445676000077565556566665760710012121212222211007665656556701212121
22222222343454545454344334666600707656565665667600010101222132232211011076665665656711211
22222223233454544555532543345767007755565656566666670100111221121222232211110176765476565667102211
2223233454445545434344476707665656566565666670011021221212222221111010765675656600121221
22223343545365432232232222212223565665667667667667666555665665666661701111212122223121100076655666666012122221
2222433434545444344344667077655656566666607101112121312321110076765656660121211
2222343443444543344346660775556666777000222222221010070756655670021211
22224344444454453232344567767656565667667000012212222311010007654657001121
2222234444445455334446766656565666677070111222222321110100766654660001221
222222344344454444454343456765655666777000001212222221001000076655670011
22223435444445444532245656667566767000122223110100010765466700121
224343454454544654432345766765665666700001222222111010100765656701121221
22223243444444445445543324566676565656666607700010122122232231010010000766654666770212121
2222223334444545565323433122446566667077765656565665667010211212122122211110776666655670021221
2323444455565665332322224445666776767666556556670111221221121121111766556767022122221
22222222222454456556565532332212122545565666677776656655666601211212121121211766700
22222333444455565655655433321211212224446565656656766777775665656667001112122122233112112121010766666567002221
222222222323354545656656653433353344566700707076656566565660011122122122121211211076666676601
233222223234454455556543343245666707776556665665660711112122212222211111076675760710
22222222323444455456554343324465677707766565665666666000211121222222231121110176666675701
222324344454545544333223345666667777555566656770110101212222101110007555546600011111
232234545544565454332232445666766777555556565666701011111222221210211107656556000012111221
232232344454554544553333446667776665656656670010112212123211110100076555455667001111111
2223344444554555543323310134454465767676076655455565566667110000112112112222210111007665455655607110121101221
2222222324443545455454543322244466666677755565666660001100122122222111010007555455677001210001
2233222334545355465545544324434456670007675456556765667010102112222222111117217675566660011111010
2232222344445446555455334443222446566670707655556566760000111122222211011001117665455657710121100
2224344544545455654344334446666000776556556565666670111011212122122121110176545565667010012110212221
2222444444455445555322344466767656566565667001011212122221111171007555537545567100110121121
222222344444454454545555344323456666070775565665566566600000111012221222223121111001001765445575666000111111
223234444445454555343344657707666665656565667000110012212122224321211001017656556570001221210
222223344444455654455434332354466777776565666676001101211223221110110007655455556671011021011
22222234454445455555334433444667700766655654665666670101011212222221011121010076665465567010212121
22222434444544543456675556666600000101212223100176666011
223544344444432446666555656666670000002112222221077666600121221
222223243444443225566565656656666607000112222222210177665665670021221
22222224455334444443224465666555556656667770000111221222321107077666665667011221221
22222232434444544432224466666666566566667000012212222210017766666001
2223223344454544432245566666655566666760701011222222221010107665566670102121
223333443544454532246575756565656666070100102213221221100077666666011221
22222223334444455322322234666666667566556666600001112222101007666666001
22323234344445322222456656666555665677700011221222100076666600021
2223334344445343223225466666755556566677700100112222210017766567601121
22223333454443323235666675655655666667700000012322222211000076665770221
22222222243444444544532224566666665656566607000102122222211100007656666660021
222444444445454544545333222111010224444445455666566766767556660001101110100110075556567001111112121
2233544545454433432321222445565666676770755555566600011111101075700021111121
2324344544554545443432231101324454465566666760767565666000102111110766600011211111
222323444444545445455443343443465677707755565656665770000101111212122231110010176565565666000112112111
2222344454554454554545533332121011102344544455565666667677655566600011011101101176667010211111021
22223444534544456543433222210210010222453544554655665666767775546546667002101102101076660000102112110
2223445445545455323432232111111012444455454556566666677760765455466660001021110110107656566000021212211221
22243434445454545545333343455677776656556566666700001011121222231101110756566600011121111
234444445444545544333232222212234555656666766767776555656666600001112121211017656700012112110121
2224344444544455455433323212121123454465565666666676775565666000111110110110766660001211111
222232344444445553245666756566070112222111100076666666601221
2223324344544465456533354667075656566666667071112212222222311101010076666666002221
22223334444554555653332565767666565656670012122212212111021001076666666712221
22222232324334445454454322335466776666566565666667012122212212111100100077666675675671221
222222223345435454465445532222222223223444667666766666665675666660001212211011100110776666656667012221
2222222343444444445454653344446660077565656666667000112122222222211100010700766554666070121
22222222334344444544545453434466607676566676677102222222231110101000070766666547001
22222343444454454555653323225466676676666566566700212221222111211011000076666665670212221
22222334444444555455532433445466007077556565656767000012121222322110111010007665666566701221221
223222334444445465455322222322222232222223446666666676666676666666765666667002222112111101001076666766021
22322233344444445455533224465676666665665666701122221212110210100170776666071
2222334445445555465323223222224565666766766766565667000221222111111010176666665667021222221
232234344444444444454546543434444466000707755565666707001010212212233311000001000070076554545565700010111211
222244444544454545454543343344445560000007076655565666767011112122222121010010100100755555466000111121
2355323244444465454346666666666666002212321211110107675665771212111
22453344445444454465445454444344445446700000075456556666667701010112121222223101010110000017655556660011111111
223543344545533434466077766666566760122222221121017666655656600121211121
244444434544445454545454434344444324454660070000070765456556566667100102111222211102101010100755565670011111121001
2224334435444454545445444343434566007007555555665676600000021212122122111010101000007565555660010211110
222333443444444544554453434344443546600700007755555566666700710112112213131101000100000707554654545454540010070010110111
22222323444445445454544555443434343444444445600000070700077555555566676007010011212222222210110100100100100766565555660011111
2232443445444545454455454433222322244666667666766655566666667000001112122322321101010101001001076555556576011111121
2334444454454545454544443444444455466700210100707555566566760000011011212222231131017000100765555660011111121
2243434454445445455545545443444444670007665556666670000010121223232210111110010010000755555660011211011
2222223233444544322222222466656666666556566566667011222212110010077666666576022221
2233234444444454343666556545655656666777010121212121222210100000777565666601221221
2332222454345455532312232255666666666566666567601221212111021000776666766212221
222223222323234545445555532222222322123222445666666676666667666665667001211211110110766756675660001
222223233444454432322222222444766666666666656666656666001221211210100776770
2322234445345543222244566666656656656656660021211211221011701076660021
222446543223444454324456666665665667012122121011077666666702112121
2243232344443444445444455443435667756556565666667770001101111221222223211000000000756554555556700101121010011
233344444544454544554534457765655566666666666001111211212122222211010010100007655555656000111112221
22322224353545454446545555554433567765655655665667760000011121211222223231111011101010007655654655667101211111
224322234354444453545545545534444666076655566566666677601101111212122222233110110011010000766565555656566001121111111
2222232444344454444544545543443466607755565656566667670000711021112122222232321100010100000766656556600011221
2333344434445444454545553233246666765655556556656667707001011211212212222321010010100010077655556566000121121011
224322334434444445445454545545544343466670765655656565666667700701000111012121222222323432210101101000010070765655465656700111211110
2233323443444444444544545454544344435677755565565666667700000011101212122223321101001010000000077665465455566670101102112101
222323444444454455455544334443567600775555656666666666610110111121221222221111010010007655655566670111212211
224532244444545453444444446700075554656666666101111211212110101007565556566000210121121
222431221224445545455554434443444670070765565565666601110212112121111110117655655655665660010111121
223532344554555454443443434667007700755456556566566600111212112122111111110756656657001112121
22365653221222212224345455554555555443323265766707655565666666607011221212122213211210101210017666566556656660710121121
22234322122221222435455555554534444433256760761717755555565566660111021121212112102111110765666566666670001
22325355354554545543443444345670000707656565465656667101021212102113212101101010076656534666666760221122221221
25553221223444545554654556554533432332322222122212211211144555656565666665766667667777075565565565665666670011111121212121222321111111111007666656566667011212122221
222431224444455445545555444443434357607007755556556657700110112111212122211011100107565556556666000101121221
23453234544545545554555555544444346707007565566012121110077565560102122223331111110111001107666656656566011211211221
243223244344444454544554545344434446600077655565566666622112211121107666666565555554466660011121211112212222222310010110000100077666565666660101221221
22222223344434444545545555444444343667700000756566566566667701110212210212122233321101100000076666676601
244313212222244545465455545555444443433466770070765565656660701012111212122231110111111076666566565666600111221
22222323434344445445545455532222212322446666665666666666656600021212111011101010000707666666660211
22222223334444444454544555455553222222122244566666656666666666660021211211111011100100000070756666555500010121
22222232332443435445455545554565322222222222446666666666666666666600212112121101101110107007676766565500011
222323334444454455455555555322221222222212213446656666566666666666666566600022111211111110111000007766665656601021221
2222222433344444444455454555543222222222221222445666666656666666666666656670122211210121011010100000007076665655600111
222222333444444445454545554655322222222212221223456665666665666666666666566667112121121111111010010000070766665555666001112221
22224344434444444545554555322222222212212345566666666566666666666665600022112121102101101000000077666655656600112122221
2222343434444544544545454553222222224456666666666566565667001222121101101011000100017077565455657010111121
2232433444444444554454555322222221224456666566766666565666701122211110110101000000077566565600111221
22222233343444444545555565532222222221222244575666665756667666656666001221211121111101100707776655656710211
22222323233443445444545456545654322222222222222134466656666666666666666666566001121112110111101000000076675665566001101
22332434443444544454455456555532222222222212222446666566666666666666666601121101112110010100000007776656555570011212121
222222222324344444444544554555455543222222222222222122124446566666666666656666666666665660012211111011101110010000000776666565660011
22343454545443222124446666666666565666670011122132111017656656000122121
222343554555554322222144566666667676566656760011212222231121176660001221
222234444454454333224567667766655656667600102122222221101010075466001
2222324444555455555354323566767076566656666660000012102121222223331111176670011
312222324444545455555544444456707656565666666607001102112212222232310210117656566700011111
2222225444454545554655565432221221224465656666667676565656667000101212212323212101211011076565656660011212121
222323244444445454545465454433124445666707766556565666700001211222122222101110101001076665656555670110211211
222325444454555465444444444560000076556556656566567000011111212122222222110117656667010212121
22222344444455455443433345667070766655666565666760000121212222222221111010107566666602121
222223344454545555655322122123565656566676756656666670001012122222233121111011007556656667112121
22232243444355323222332446676766766656556667000221221101007765666667122221
22322324443544433244344667707756565656666000112122221100007666656660021221
2222222232234344532232332235567767766666565666600021222111076676665665666001221
22322333444432332444456700766666565566560700112122211177757710
222223333444454535333234346676776775655666700002121221110107766566565676001212221
222222232233454555533222324466676666766655666666001122221212102111766666666701
22222223224324444453223222323232343666660776676666765655665666607172121222210210007666666666711
222223233533545354323243345676076676665566667000212122111100076666566700221
222222334444443333444467670766665556667021021122210000766666001
22223223344443553232324466766766666566566666001021222221210100766666701
232233334444454334466766656656666666000122121222221010007766666600221
22222223224344444443222232222224575766666666666665566567700021222122110007676656700
222232334454454432435667776665665666600012122222221101077666601
2222434444444554433222212244566666667675556566666070100111222223101010007670
222434444445445432214465666656565666567760000212222222221110100000755666712211
22224444454454554543212224656656666546656567666070000211232222231110101171107566600221
22344445354535545322212546565666665566566667770001221322223221101100010107566670023121
22323444544555465455543434332221214455656667777007656545655665666670000111121212212223111111011010766565656565607122111212221
22232344444544554543334335767707665555556656677001012121122222211011100017766655567021121
22234345454433454467607665556666760210011122222210176667121
223243444454554444354570000755565656656666070101021212222222221110177656600121
22222334454555543222215465666577755666566666070101122212322311121075656700211
22223344454545553344444455670101077565565656660001112122212110111007566566002121
222333444444554544443456707075656566656666600000211212221223222110100076565660001221
223343444445554343434667700765656656656666660001211212212222221101076656566000212121
222233234444454546554443444677177656656666560001012121222323111011007767665666002221
22233454445455553444444544465660010001007565656656656666000012121222122222211111010766656666002212221
22234434443322344356660775556767700022221777560000221
22223244434544454443466660756656600001021222110076666671211
3212323243444445432345666666666667700001122222217775766001
2223333444445445453346666666666666670001222222321101000007665660701221
2222232344444445333344666777665666667000212122211007675700
22324434444544544344456607665665666707000210212222321101007666666012211
2222223333444444453434666666666666670000121212232100776767671
2232243243444444443223335666677655666677000002232211000707675654670001221
22322223434444544545444346666756666607000112123221010000766667001
22323343444444444366666666666666101212123110077670071
2222232343444444445445666667765466600011222232310000000076576000
3122234344434454455666666666666012222222210100007766660021
2232343244344444444323233446667677656576767600071123222217000077660000
222334435444545454333666667566666010212211111000007655555560001110211
22434444544545554322222243566666657666666567001221211111110017754556656660001122121221
222234444454545465454322222456657656666666666666601121222121121211101007656556570010212121
23244444444454545453322322224466666676676565465566660010011122122210101001000776555555666101112112121
22334444454545553322222223222224656666666666676666656556600011122111111100075565565466601010212210211
231333444544466665324545543232332466767666666565456546556660701101121221121111012176122100017755454655666001010221121
23233444454554655553222222234665666666656666666660701221212121121111110765565665655600002111212121
22234444554456555323212222221222212454465666656666666666666666767000121211211765666001012212221
2223434444455444565322222224654666666665665565665556700101102121222111111011010766565465455556700011112121211
22344445445545455565332322332224466666676676667656670001211121111111107565555555667100121121212111
2323444454545455465455455322224666666655655654566660001011121222111110210110756566567001211111211021
2222444444454554553324666656556555565556560701111021121122210111110101107656555545655565600010211111211221
22233434434444444432223223346666676666554555566667070001011212222100000007707565356576701112121
222322343434544454322223234466766666666556556566770001212212211110000077666566666656701221222221
31222233434354444544544322323232446666767667665556556566071000121212211101100000076766656666600131221
222243344344445444544323223223245666676676765445654565655666666666700000011102112122212232221000011007757556565667001021121221
3234344344444444534444766545565665676707001121212222210100000770075666565700121222221
222222222233344444444444322323232245666676676675654555456555666667070000110121212122221210100000777666666600
2222222334344444454445454332323324334466677767767655555556566667000000002112112222221010100000077656566670002121
2223334344444444544545444332224455676677555565656666667700001011212122223222101001000100007776565555322212224565566666770001102111221
2312223222324344444454555465432221222122222122222221446565666656666666566666566656566607111211021102101010077766666666001
22223444444544554532236666665556566667000112122222211101000007655566010121
222344344444544543332121102345565666767666566566770001122222331010000000766555660011221
22234434454445433666556666667000022222222100000007556672111
222233443444454354434676546566566677000121222223111000000707556660110
2222244434445445454323224667667555655666677000011122222323101001000775656600211
2234444344444444554543347666656546566656767000111222123222221101001007070765556701021211
22224344444445454544322212446666666755566666677001212322222210101001070076556500111
222222344443444443223222222312232122345666666666766666766665455666670007122122210000707656655667021111
2222224343444444445445433223321134466666676767666556666660001121222321101000107007765556600011
222334676653444444444554533223226666766655655666566676000012122222222221010010000077556545660011021121221
23343444444544544322221222556656667665656667707100222323221010007000756600111
22222222332434443554465454333466667676556666666667001011222222223121011100007666666565655700012121
222222223233444444544543343444466600077665656566566666700001212212222122221001000776756665565670012121
2322122233344444544545553333224446666077775565565666666660011021212122222111101100007666566566566600211211
222222222334444354543234466666555656656666667071002222221222221011000777566665660000221
22222453232324344455445565323232445667776676566566656666667701012222222213222211111101776676666666666666001221222221
22323234434445444445453343444455660010076655656566566666070071711221222222222210700221001077766667111
223222222332434444545555532232312101102125455454556666676767667566656666666566777100212222222222223222212101110077766666656556600101221
222223334344445544565433343445446565600211170777665665656566566001221221217666566650012212222222231111101000076766543545077566670012212221
22223222222122222223344444545455565532323223222446666766766767656565666566676000110221222222232121011111017776666656665666566560701021
2222222233232232444445455553232435666076676666566566656677112122222122212121111007667666665666760110
222232433434444444535666666666667607011222222222100707754677001
232343434444444334560765566666666700122122322100000007755567101021
22233434444444443456707566666667700122222232210070075546700101
233232443444432324446500755566666676070022212223100077775660011
22432334444444334344467756666667700012222221700077546707101
224334343444444444356755666667670000012123132217007075567010021
22223333444543236666556566666667700012222222222100076665660011
22233234343444444446754666666667071022222222100007766660000
233434443444444434667666666666770002222222232100700777566010221
22343243444343455334577656656666767001122222232221070707075566001001
22453243343444432324466756566666677070122222221707766700011
22222324344445444467666566667002222222210100776656560011
22232333443444454466666666767001222223221070777546670010
22232323444444445454343434567077656565676676000011222122222210100007767567570221
222222223444444454554334446670076565665676600002112222222211100007666666601
2222323344444455555333346667767666656766670111222223231121011000767666666602221
222233344345445543322224466576677656556566666070101122212221221100070766556671121
2324344444445332332446676767565566665670000112222222110000077566566601212221
222334343445454446543332446667607756556656667000001213122232111110000776666566012121
2222223223434544455555433324466607607656566666660701112222222321110011007766666666021
222222223234344345545556543434446607077656566666667001212213123221211101010777666666600
22232344344444545453333244666770765666566667701012223212221110000707765666560022121
222232443444444533433322222244656676676077765446565666670700211222212211000077765656002210
2222324334444453243334567777665565656677011022212222100000776566711
2222223243445454432323466667676555656667667021121222221210100076675666021
22222222232434445446532323232122346566666767676756566566666677100121222222223210101767667665671
22334444554533322223566667677556555666600000112122221110107565456600012121
22243344454545533223566676665556565670001121212211110100075566660012221
22223445445455434332466607076655656565665670011211212212211117656660012121
2222434454445554565465533434346607777665666660000212222221111211110107565656600012121
2222334454454545324324466767665555656670010212212111110107566556670111121
2222343444544545553222312221224466566657666676556546660700011222222110110100076565666002121
2222244444545455554553322234667666677556656666701231002223112111111017657600111
22222343454454545533222322656667666755655656666707010121222222221102101000756565660002121
2345444454554546555332322246666676676665656566760001212221322211211021001076657001221221
2222222223444444455554323332232332446766767677776756556566566667000112122212232211101101077566656567011
22222334343444344432333445556666656666566666767770001011212217670000010121
222234444443444344444344445566665666656666666770000102121222222210007666670070001121221
2222243433343444344443222221122323444555656666666666665666566675767700001012222222211707665565666777001011211111
22222224324344444544454532222212334556566566656666666666666666070000010212322231111076656667700100211121
222222323232233333435445321222334445656666656666666767000001111077667666660700001
222223334344444545333344567776665656666666770712212222222221101000076765660001
22223344444444455333224556767665565656666667700011212222222222101001070756666710221
22222223243434445445433456767565656656666666000012121222222222110100077666657566701221
222222223434435445454555344667666566656666660710012121222222332111010000007656665660011
22222222323324444444454543244567766656656566666667600011122212222223221101001777675656757001
22222323444444455555533443566600776556565666671000011212223222111111017766666566600022221
22232334444444554543211214455556666666565656566666700001102121222232311117101007766565666701212221
222322334445445543312314546666666665665656666567670000101222223222321111101077666565656760102122221
22222222223343444444545532254456666666566566567667070011002122232323221211010000776666656667011
2222222333444554554334321445666777765655656666666007101112212222322210210017666656656701121
22222224344545545455432332212224556666667667666556566660000112212222111010210176556566701111
2222235344545554556554433222222212221446566566665666677775656565666610001211122222212111111010765565565701111211
2312234444544554565455543322122121225555656666666775556556567000111121212221102101011010755556660011111
22223444444545455433444444445700007076655456556556566701101112121212212100110100075556660011211
222223444544544445665554534433311245456666077077654655566566607101102112213221111101210110177655655676002122121
222234444545455565332232333444677607666767665656556566660001112212212222111101210107656556566661021122121
233222444445455465555434434445447000007765565556556566000011112112212221111111101076656566570112111
22234344554455555554343443466070767654656565656656671001021112112221223210211021010100765556556566072102121022221
2225322432535454546555553323222222221222122135656656656666666666767676556655656666660000211212121222223121111110107666566566072112111
222434445454545545555465323233222211244455666667667767665555666666670010211222213211121011011101001075565555666001111122221
2232224344545544545555454443433222122145566566676707000755565656656670001121122121222222101110101010766556556660111111
22222324344344445444432113244456666666656666666670000002122222211000070765665700121
22323334444444545545324456667655566666767071102122222222121010100076076556656701121221
2222223332434454432234557666655565666670000011112223110777756566700221
22232333444445444543331234656666776655656666666667000012222222222221101001000767556567010211
223243444344544454443224656666655656565666666667700112122222122222211010100000077566566566701221212221
223222233444444444445455433221322455666676666666656566666700000111222333212110101000000076666665667012211
222233232344345444454321021444346566667665565566660777001121222212221001777766655656670111211
22223344344445332345666755655655667760001011222231110000076566666600212221
222222233434345344545465454532232121212544465656666676076565655666766000002211222212212110110000077766554566607021111
2222324344443445445454554432232445666760767656666666666667000112222222232221211011000000007665655666701121221
2222232233444444453224456666565555666676000011212222211010007676666660021
22222334344354445532224456666666656665656660001102122222211110000707565656660021121
312222232434453545443225446667656655666667600011121221222110107756656566071211
223234444444544443444667755456566600101022121100011000776545556560002111211
222334444454545332356676666565666001112221101101007655566001211
2222344445455454322323566676766655656660001121222111101017665455556600021012121
2223344444444554433466666565656670001112222111010000775653455660010002121
247
222324334444544554344667565656667000212222211101000700765346656666001221021
222323343454445454323223244576767666665565667600111222221011010070776545666001211
2222222334444455533245677656556566667010121222212211010777655656600211
2223344454454544323346667765565565466660002112112111101010007665665465566002111221221
22223243543554554346666656556566670010221222122210111017756565656567012111221
345555566001210121
2234334434453445334336667765566607001122110170007655667001121
22233344445545433334467777666556656667000011212222322101000766000
22223344345454322223323266666676766756566566670021222212211000076760
2323443454455543223244766666666656656700121222111110100766566001221
22222223234344454433466666665565666600011122222210110076766666600
22343344344544455336666666607566566666121122122222321010000007665666001121
22223434444445545433243446777767556656700011222212110010075556701010
2232334444444555433344660767666565666600101212222211110170766771
22222323334444554533222223454667666766666656670012212211110007766666701
23344444445545554332255766766656665676001112223221211110010007555660011121
2223334444445465532323344667767666655656667101112123221101100007666660021
234434344444455332222134566666666765565666666600001021223222211010000777011
22234344444444333666676565656666670001212122222210007077501
223344444432346666556565656667010121221221100070761
2334344344433212456666555566566667600012122221211070070007
23434444454432222222214565666566655465456566677010012122121100000017000
2323344344443446566556666655601765600122122221321011070076700
2234343434444322223212456566667554556566767000112122100000070707
2334434432222222212124556566666656755566666666000121221310000070
223343444444433222244675666665565565670001212121210000000775710
2343434444322324566666545656566666700002112212221001070070
2234444544445445332232223446666676667555466677000010222211007700101011
222434444444544545432322446666767546666666000111222221001001000755455760101111
22434444454544532222222211022444555666666666666554556660070101122210117176566000111121
2223444454454444653232212233456666666676665656667001001222210107670011111
22234444454454465332323211024354456666677766554556666011001011210101017655666000211211
2223344454444544432234345676775555466666601001121211001010075556600011110
22222334444454544454432211344446666666666666660000212321101000100075555600000110
2223444444545454433210124444454667667755656770000112231101010076600021
2222334444454555343466660756656666000010221222321011007656666001221
223222443454543344466077655656666600121221221101076565566600211210
223243444545654333466677756565666000121221221111765666660121211
22324344445444433433222245566766707776556566566000011212212210100756567001121
22232334444444533333333466676707677565565655670001121221211002170765656660001211
22222223434444445453324446677666565665666000012121222222100007076565666000121
2222323234444546534433344666777756566566000212212211101007665665070011
2334443545454533346677666566565667001121212222110110756566071021221
2334434454445443243322322445666767677767555665566660000121122121221171107655666000121121
222224344444445553433446677765655666660000012122222221010010765656566600112121
22334444454554534334446670777565656656700101122212221110107656660011221
22223234344544432223465666666555566660002111121100107675445566657000111211
22324434445443222345666666545556666660010121221111000007565656660001221221
222222344444445322345666666656565666700122122121111007666665656600121221
222343454445445455543444666665465666666600101211222221110101100100765555655666600011212121221
23244444454455432222455666666755565656656600001121212212211110176565666601012121211
2222234444445432234466666666556656666601021221221101101766655656700121221
22224434444453344466665665656566660011212212211100007566566667011212221
2233444454324345666666566555665667011121122122111007556666000121221
22223434444545455323224456666756665565665667000102121222122111101007666544565666701011211221
2222222324434445332455666566565566566600012112122121010076666566700121
22343535444554655432323222222134456665766666767675665665657701121221221121011010075555666660001121212221
223344444444332232456666666656555565656676001102112122122101000076555665666600011221212221
2222222334445545655654655432322211023444556666676677656545670001011212112112111110765665555556600011210211
22234444456556555653222222211133445665667566666666665466701102111211766701111212221
223345544555565465654532222222234566666666766770101121111211110765656554656700121121221221
223344444455456545655433211223445566667676655556670010021012112111121101007566656545545660001101121212221
222222222235454555565565565553222212222325466666656666666667001210210212111211210766666546566071121221
222222344445455556556565565532222212243456666666667667600111211121211212111007656656565566660012121222121
2222334445455555565455554555322122122344565765666666607010101102101117666617011210121121
222344455555656555656555322222222212234456666666666666666700001211121112121121766656556556670111111232212221
2222222244545465465565565565565532222222211322435666566666666666666700012111121212111121021176665656565667001222122221
431221222224444654555555565555565432222212122434566665666666676600001111112111112111176656565465555760010212111021
22232122243454554555565565553222212234466566666665667600011112111211111117665656566670121211
2244444555555655556555532222221224444666666665667660000011111211121117656655565567000112112121322121221
2232232233334443454444433466776565666660707000122222223221000077767667666660021
23223323234334444454555323343246677607765656656717000170210223343321011170077677676675546100021
222322222233233434454455455533366607656665666770001011222323321110100007767666666676610
2323322323233334343444455655655434366707665566566666666666000000002121221222232233322121111107707777776665076700
2223232323333434444445433246676666565665666677000000011132332332312100000777767766765071
2222322222323243434545455534333666077765656656666700000011122222233322101000076676666676670
22222223432232343444444545556555333336677677656565666566770700001011222223232332112111110000766766676676700
2222322322232334443544555555533333343467770767766656565665666670700710011212232232232311210111100767676676666700
223232232333434444455543434677756566566777070010222223232221101177776766766070
223222232333434444454555554323333676767776566566566770000001121322332331210210100007776766657700
22222223232343344444455453232323223466666767767666556656667000000010121323333221101007707676676666600
2233444454335666565566670010222221011077654567102121
2343454534656665665670002122231176601111
22235444532236666655655670002122176701211
22234444344666656565656667001012222100111
22224444555465322245666666655676001122221111766721021
2234445324466666565656666600012222212210756001221
3122223545543212454666666665666600012222210760217
222244454312245656666665665667001121021211
22224344445455332323245676676766656667011222211010176656070221
22224444554324566655655666607101222121176000211
222444545553234666675666660002222211760002121
222244545322446666665566660002221176711221
222244455432232456676666665666670022222121766711221
232344445455455554323235666766656555666677001112122231111110210100756556600112121
2222222344354455465555446666565666667011222122212121011110007656565565600102121
222334444545555544332344667670767556656667000012212222221111110755600011
2313234444545455654454324567675555656666670701010210123222331121010111007656556546600100212211
2223344444445465455654321224455666766665656566666770001121222222231121102101101766566554466007011122121
22223233444455546553325666675656666667610012222322112101110107665655667012121
22222223344445555565322356567666556567660001122222211021012100766565576001221
22222244445545546543336657675655656667610021121222221111101076654656001121
2232434444554554654332222445667667765655656666070112121222211110111007656554660710122121
22222234454445465455545322232566666766655656566666000011121223222111110110110765656545700012121
22222334444544654565322223457666667656565566656677000112122222322211111121701765554567001011
222223344445454454343434343246567760070766555565656667001011111212222211001000766655655666011121121
222223344444445454434346667765565656676700001212222222210101000776566556671122121
222223334444445545554434334666707075565655667000001112222221210111017775656666001221
22222234343444445445453433443466777775565656656667700001010221221222322210100000775665670011
231223233443544454322232233466666667666666565565656666677000001212222222222121101107665656667000121
222222232333444445545322444466666666666656566700012121212121111107765667707
22222223443444544334443344466670007755546556556660070001001112212222110076666565660010121
2222222324334444455543324466667666565655666660000001112222222211111076666566600001
22323333344445445433333466676766765565666566667000000121222222222211110707666566670010221
2232334444445445333345767666655565656566666070001112112221222221010100765665656671002121221
222232233444444454554332323446666667667555656566070000101212222211011010076665565670001211
2222222324344454545543333232323466676676776766556565656656666070110211211212223210111101076666556666667002222221
2232234444555433333266677767665667022122112101076666601
22244334454324666666666666600222222221100766667121
2322323334453466666656666660022222222121007607666600
222234434444533124666566766666660022222212110077665657601221
244323444453222222222366666666665666565466660112121211107775666002121
22233435546545676575667601212322222110007660
245432334444444466556566567000122222221100077766700211
222232332434444555456666656665660711222222221212101077767666600
2243322335354654466765666666012222221221217076766666617221
22224444335444545344477665565565666666070111022122122222310101777676671221
22222224334545432246666756656566700112222222110776666600
222223444545455455444312121244456656667666556000111111011010107555566001111
222233444545555565534322212345666666670755654666001112112111211110007655655760111221
22222344545555554432212221355665666660756555670112110211111101765655667112121
22223444545455545455332212224655656677755556600111111021011110117755655566001111221
2222222234445454545554654443222221214454665666667775656601021111011210110100765655655660011111
2222233444455455555533212121122455565665666707565566600212112112110211010076665655660012121
222234455545555554343221221221222456566566566666776556600110121111102101176665665655660012122122221
222222334444545454555554443222122112244655665656667700756555666011112121111111101001077566556556600112211
223444445455455545553322121214455656566777545666001112110111110101107655656560011212121
222223234334443322224466666665655656670000102222210077766666001
22222333343443223222234666666666666565666667000102222222170776666710
222222332444432222222324566667656755556566607017121222107766665670121
2232323344453222223446666566666665677002221111076665670011
2223233443444333232434666767667655656666700101222222100007765660001
2222223324343534323222222324466666666666665566676000102222170070766666701
233233343532222212344566666566665666600021110776665700111
22243234343444322122322222244466666666666665666566607102212171777666667010221
22222333443322232222335666666666665565676000102222177766666600021
22222232434343544312222224454666666566655666666700002122221210007676665666000121
22233343434443233234666667655556566666600000012122222110070767554666666001121221
222233233243443444432222123435566665666656666670012211017107777666567600011
22222244344445545555553322222122121111100110022434545445465565566566666666667666555666666600102121222211111110211076566666010211
2222222232224354555655566532332221111010101222444554545556565666676767666656665667000112122222222112112107666666566670022221
2224345322323444455465554554434333212121212455545566666677770707565665665667700011111221222233102111110076666666670012111
222224344454555555465344343444677000077565656566707000000112222223331111111117665565566071121221
222222334444545545553432244567707756566656656677000001011122122177112221
23222222234344546545546555533332101224444556666607760766566656656656667000001111212122222223221121110176666666676002221
3122323444454555333332232232244466667676776777756555565566566667001011111212122223111017666666656667670122321222221
2222222223234454554654544332344566770760756566656665667607001001021222222232232121111766665666600021
22222222222434354455554565324433212111011212444555445556666676777775656565656666676000021011211222212232221121010766666566666071221
312222234444545465455554654322222223222322345676676666766666665666001111111101110111076666565500111
22222224434554555555655655322222222222221222446656666666666666666656665660011212111121112111121711765666566666212121
32212233445545555555555465322222212222222234566666666666665666666671011101221021101111110756665666002211
2222222222234444454545555533222222222222666565332244566666666666766667667001766222112111111110100766665665546670001221
222222222233445545554555555553332323323222444666767676776766655555556556600011112110221100121111111111101076666665666657210221
222222353554554654555546554322223324322222465666676707766566556660102101210111102110021010176656656712221
22222222344545455555543333332222224666666666770775655565566002111121102110111011176756656660121
2222222222222232244455555556655565432223323322322222222466566666667667670776666556565600112111121121121011112176666766665666600
2232232444455555565556555322212334322222222256666567666607756665656766001112112111211112101107666665666656011222221
222222232233334343434443322224356666666555666667677700102222222231000070777767666665660001
22222232232332343343443332346667755656666676677000221222223210707777676676556660001
2222223223323343343344332334466665455665676677607000010221232221077777776676666560001
2222222323232343334334444443224345667677566665766767007007662222222122332310007777767667656660000
222232233233343343444332222333435667676676555656666667700700121222222231070777777676665670001
2222222332324333434443333234466677655656666677000001222222100707776676656565660000121
222222222323232343234333434344332343467667655656666666677700121222222223100070770777767676666666554432367677000001
2222222232233333434444444333324446676766556666666760770112122222231000007077766765665666700021
22222322233343434444434323233444676767666557666676677700112222232231100700760766666667000
2223222233343344444444444465666666767770700122232232221700707776666656660000221
2222322323334334434443334444667665666666677700001222222223100770767766756666700021
222222222233433344434432233444667666555666766777000000222222322100707767666656660701
2222222222232233234324434443432324434466767556656666677677000012222222322107070777676766666665660000
2232444455456556555333546767666656565670112212211211121121110756656600221121
222234445565554333566076666565656566600212121121212176600211121
222444445455655653323566677666656666002212212212210211117666566665660022212212221
2223122223244445553323223456677667675665566567012122121211211776666666601
222223444444555465533434567077665656565666601212121212121111110076565456660021172121
223224444455546554344334445670000776656556565656666000111221212212221112110117666656656670121321221
22223444445455555533444560707756565665665670010211212222222211211011007566665656500022122121
2223243544455456543244356707676565656666712112122221211110100766566566601212221
22222224344446535533112124456546666767665656666666711121222222311021010766666601
222234444445445543232144557677665566566676100121222222110101000756655667122111
2223443555454555533334666777665665666660001122122223111111100756656565466660211121212121
222224444445454454443222332333345660076776766755555656657607101212212211101010000107665655566002112211
2222222224444454544344344660077565565666660111212122111010007566666560021
2222322224444454554546545332211234556666667666556566660700000121223232311111010011007666656666602211
222224444445454454444344312444556607000075555665666667700110211212212222101000075556660101121
222222445454545555555555333443313454666070700777656566656666677000022132222222223211111111102101075566650002211
2234444544555455323223233444660777676666656566667770122222222210210111001765665666011212221
22222222244454454553434446707665555666575677700111222222222221021010766666570021
312222222234434545445465433222344566600766756656666666707001222232223221101100100076666656667021
222324344544545545543224466676556656666666770701122222222222311101011000176656665656650710222221221
22232443444444432344667666565666666766760121212322222221070000766660021
2222223344454455454553233234466777676556546656565666677000102102212212222223210111010010766665666565670021222221
2222344444454554546544323323222456666767677655555565666700001010210212222221111010107655666011111
224344444545545553232232224466667667666655565656666670000121222212231211011101076556560001121121
22222245434444544454554322334344444344567000000077676655554565455555566770710001111212112122212101001100107075656565566600112112121
222234444444454544554333444444456070100777655456555565666660000011112121212222111010101000765566556660011121221
2444344445455432243444444560717177666556546555655656670010112112211221211110101765665666001021212221
22224344345445445455443223223344676766766665655465555565666670000102112121221222111101110100000766565556655566000121211211221
22224443444445455455553323433666777666655655655655666607010111221122222221111111101100766566567000122121
22234343444444444323232465667666556666600001122211000070077546600011
2222222233344344454322322222466666666666655656656667000112122222211000077766666600
223243343444443223223246666766565556566666000011212222101070776765666010221
22222222232333344444432323246667666666556555665677000012121222222110107776766665666000
22222434444444443333466766765565656660001021221221100017075567010
222234344444444443333466765554555666667000101112212210010007007665655710111
222232334343533346666555566666666660000122212222222100007776566000
22233343454444433232346766666655555656670101021212110010000776566600121
2323324343443322246576655556565666667000001122213212210777766660021
2222232434444454455555343466607666565665666660001122122222222112111010017076556565665666600112121221
2232444445545333444456600017765565565655665666000001121121212222222110101076565555665666011212121221
2222232435454654532434366076075655656565666666710102221122222123112101021767666535465566667011121221
2232223444454555553232344676776665655665566700001212122222221111110076665555656600011212210
22222222234354455543234344667070766565656656666567002112122212222221211100076665556656656600211211
243222232444545456553334344566600017766565566565656666000112121221222222111111100766665655566560012112111
2323223244435455546543343566601776656656566566666600002112212122223222212102101007766666654665666617212122211
223323243544545565532334344566170007676565656656566666660000121221221222232221112101021766666565665566660121212121217
243323434444455455543334365667000756565656566667000112122122223211111011700775655566566001121221171
2222232344445454655434467766565666566566666710112212212222232121111011776666565665665666011212221221
222234444345444432222245656566566000010101000077655467000121
2222434444544453222124456565656567001100100110075557601011
22234444454455433122232465666666666600001101010755660011210
2223343444444544454321222212222222244465666665666665666566670011010010001007755556000001121
23334444445432222456656565666000111101000765666001121
222334434444454454532122222222444466666666656665666000011110101000007556565700110211
2233444454454454322222222222234366566666666666666656600001210110010007556670011221
222223443454444543222454656656760001101000107556667002101
2223434454545554332222222222222222345466666666666666666767700000111017655546600000112121
2222443445444455322132446666566565566600011111010107654655670011112210
222334344444544455532223243666666566656670001210111002100007654553446677000011111
222234334444454545543222212222223445666665666656666667700101111021010000765655557000012121
222223444444554323222324566666767675655656666001101122222210101076555670111
2224344344545432222221222346566666666666676656666670011222322111000075654577102121
222234434454433222212444666666666666566666666700102122223221100007566001
23233434544432322222322134556667666667666555565666660700001111232222210700076566546000022121
22222233445444455323222222212222212235466566666656666667667666656667000022223211100010766566660121
222334434454544322234466667676656565666600000212122321111000767560021
2322223444434454453222222234566666676667565665667600001212122322110000776666660121
22334434444545543322244466676676565565656670001012112123221101000075655566000111121
2324343454454532223456667667556656666670001121222232111100766546570011121
22222324344444544322222234466666667666556565666000000212222221001000776566001
2222222332333434445444443334343546600777655555656770000021121222100100000777676756565700021
22223223223343444445445433343446666007755655666607000122212212101000007776667666544467701111
222323243334344444444455443434434566700700765655666000001112222321010000077070767666665555334667670000121212221
222222233234344444544544434434454567001077565565666770711212122221111001700767666565546670001121
223232333434445454545554434343321212455656666700707665556565670101112112211111101000077677655454336666670000111211
222222223432434454545455454533125345556777656556565666000002121122122111101011010007766666565547001111
222223234354444544554432333444445670077766655556600000011122211010010107675565454677000021121
222322434344444545454653323344443566670007766655565656700000021222212111111000000776554665346667001111211
222322344344434545454554332444666607756556566671011021121222101100000007766656556565446700711121221221
23223334444444454545553334343556707776565566670101112212111010010000707666565554466700710212212221
222233344444444455445433343334465676007076765556566666000011121212221110010000707665655556700021121221
22233444445454555455432323324466667776656566600111111111011010107755654670102121
22223244434445444545443345660766555665666670000011122212222321010001007076565565600012121
22223343454454544332332212244565666767777655556600011102211101000766656554567010112121
2232434434444444443434467766555666667600071000122222323221000007077656671021
222222233344445455555555532323323212254666667666665666660010110111111111100007666656556660102121
232343344444545454555332333224566677766556576010111011101101000007666655566670111221221
223344444444445454455544334322121214545556567707607565555666000111111111101110010000756565566600101121221
222222234444454545455545553222223323223446676766766665656666000111011011111101001776566565566701121221
2223434435454545554543323322224365666767767655566000101111011101101007656556600012211
234344544545445554553222222122333466676656666665666676010210111110101101076566556656600121121221221
2232233444444454554544323232322366567667676666556670111111110101010076766565677112221
22222233444444544545545532222222335676666666665666000121111101101000007666655656566001211221
2223434453555465465433222322225666666757666665465666660000211222221211111011001765665656111121
2232443445565455332256666666665656556666666000021022122222222121121021107666656656600212122221
22222243453554654554532222322346676666666666565655656565666676017010111222213132223121012101102100766566656665666021221212221
22234354444554532222222222366666656666666655656565667660711021222212222101102107766666510022221
2222223444444545545545555432322222246656667676665655656666666070010111221222332221011101110011076665656655660021112121
22222222223454465546555432222222256566666676666565656665666760001122122222222212111121100766656656565600212121
2232434444445454543222321222122124445666566666666666667000110010017607600021
2222323445454655553322222222222446666666666666677001010211017656666001221
222232443444544543212212212123455656656565656660770010101001776700
22222223234454555455555543321222221221221221221222222222223356766666665666566566566566566656667667700101101111110176666700
222322334444455454545532222222122222222234466666666666566666666667700121010101011075076700
232213223344445455554544431212211212122355656565565656667007170100101110007656666653667700222121
22244343444545555655322222221221224456656666566667667700111212110107076567712221
2223223343444454455453321222222121234566566656666666677000110010100707675467001
312223232444444445545432222122212222354666656666566656666700010101101000767654670001
22222243445455455553223222222235566666766667677010121101107566670121
222222223344444445453443444566700075565566576667700000112212222222321010070754565665607010211
22332343444454532322322321445666766667667666655665666670000111212222322210000766565666000121221
22224343444544533234566766665656656666666700011022122222312211010766565666660011222121
2222222222444454544454323223232446666766766765655656566666666767000000102212222222223232117011766667001
2244434344443532323233466667666756555665665666667070001121222222222211000076556556666600210111212211
224332334444444543222322223222222212444656666666676666766667666656566666665760000211122222222222110070767656566566666610122121222121
222223223344445554432244446767676655656565666660701011221221222222111017766666555656670011221221
2223222544444344454445453223222324466666766676565656566566666661700000110121222232322321010000170075565665767011112121
2334544545465454332223222222466666666666767655566667070001122132321101766666000211212221
2222435444554545333233232234666676767767755565656667000101212222221011107656660011221
223345444554555532333334667767777556556556666000001021212222222111101107556567601121221
2222222233444455333434466077765556565556565660000111121121221221110776666566660121
222222233444454545432233244466777676656565665666660000122122212321111010007666556666002121
222434444455555554332232214666666667677666666660012112222432212111110077554676566002121221
222222233544545456553232446767666666566666666670022122222232222121111010107566566656660021221
222231222343455345543244667666546665667667676101222222232222210110010076656666566600221
22334443454445322232224657666766556565666667676071212222222222231010001077666566660121221
232334444544454332346766675656656766770113222222222110001000776666566566500212122221
222222322334444545553233246767676566556667667701122222223223121011017776766576500
222223333443444432333344607767665656566676670001222222222310007007777665666021
233434534460700177666656012221
224432232233444556554332324667677666656566666677001212212223232221121017766766666670121
222222323444554532366666565656666666767002122222222222221110177756666665702221
2222222434445445445544554454332223322244466666776665657000000110010011001010107666565455555670002101112121
22243344444345444445454334333322124555667760777755556556677010011112122221000001000000775655565666001212102121
2233344444454454545543221222222233343566707666666656656666701011010110100100007656655660712121221
222324344344445454554545543122221222221222344656665666665666666676071001110110101010077665654467000102121
223344444445444544545455432112111122155545455556566666700001010110010011000075666101011
2222233434344444444454445455321222122122344466665656666566667701001110100100000000777655655666000121121
23222334444445465456544565454432222212221212122245655656565666666667760071001110211021010110776666666556655667010221221222221
22223223432444444444555455555454321221212224344446767566556566666700100101101011111101000777667566667002221
2222223344344444444444545454431221221212235456566566566566660700101010101010000000076766556600011
2222333444444545544555545544321212212224555566566666670000100101101101101107776565457010111
2222323344444454544555555455454323221222446666666666670710011011110210101100007675665655566700211121221
223443454454454554432323466666676656666666700011213123221101010007656666010121221
223433445454555432222211244565666666666766656676001021223222111101076567601121
224444445454545544443222266666660756656666667701012122222222310101075667001211221
2222224344444544453322344567667655666666666000012222132210101000075666760121
222244444444545555433222456666767656656667070101122232231111010076760121
22334444445446545554466666666766566600112222223222210210101007655667601121211
2222344444444454554533232224466666676765656665667670012121222222211010100107566566711111
2322222344445446545455555444444666007755666677001122122232210111101101765665667712111
2222322322332444445446545465455322222212223244666566666666666666700121111101110010076767576665566001211
2222222323323444454554555322222222223456676666665666666600121101110110077677666566001
22222222233445455555532222222132245666666666566666670111112110117767566600
222233444454545543212222212123446566566666566666660010111010107766660121
222222222343445445554532122122324466666566656665667101111110110007666567600
222222234344444545543212222446656566656676001110210010007766656660121
222222223443455445322221324566656666666670012101110076756670
22222344444444543222324566656666666000111010001766650001
222334444444532222224566565666566701011010000756546670102121
2222223243444545455532122222222456666656656666670110111101007666666711
22222233444445455555322122124446656665667600001111111707765667021
2222332434444444444445433334466777554554655666607000701012112222211001000007076655545660701011021
31222233343444444445334345776655545565566677007000111221222222101000007766554654546670011010110
223334443544445453343446776555555566700000010111222211000000076655545566001001112121
22312223233434444444333444467775454555654656667700000110211122122100000776665565555660000111110
232243343444344444544443444407666545556566667007110002111122221100000707554565556670000111011210
32122223324443444443466545666666666653222222245656656667070010012121221221210070765654655557000111100
2222434344444444453344345777555554556666670000101112121221100000070756545654655660010211111121
2233232433434444444454444444466075555656565666676000000121112112222222100000000077655555555565670000100111121211
22331222332334434444544545533232246666767655656666666770700112122223222311001100077776654655567601101000
232434343444445454543145666565565566666607000010112221223221101000007666556556556700111211212121
2322223233334343443444444532222556666666656667667770010222223322321000070700707776654454567700000011
22222223233443434444444444532222224655666765656666667676770010211223233232100000000700707676554546566600010111
23222123223223334344444354444545532322466666675565666666666666607000000012212212232323323110117000070007676766754445456676770001211
2222223332444444454454333222245666666767655655656567677007070111222212232223210100100776545656760000121
22432223433334434444444454322222456666566656556666666666666670000011223122222322222211001000770777667565655565660000010012122121
23223344443445444454443224565666565666666667770000112221222233211000000000776554655655070000001023122221
22223233344434444444445533122104545665666656666661217667766544446660000011222223222322110100070000077765454457567700000212221
222222232434434444444544554555432222222656566666676665666666612122121767766656545654467000111212122222232332111101001000070777655545655557660001101211221
22222223232434444444454545334331214546666660707556566566666656666700100012122122122222323210010017007776654456565566670110101221
2232233434434444544453323233446676767766556556656666670700000112222222232221101000007077565556670110121
23222322332334344444444445455346656656656666666676667676001102122222222222322323110101000070770767676654554566670000121211
222344444445545332222113445566666766656566000111111010176555560000012121
23234444445555553221222222244666666655656666600010111121021000755546600010121
22222445455465553322222465665767565656660011121111770021121
233222344444546545555532122222224356666666666556656670111111111021011176655654666001101101
24334445454545555532212222243566665666666666001011011111110007556555556600110211121221
2222344454455553222222122134655666656666676656567011212111111766660111
22222435445545545532232322222222322221222122244565666666666666666766676676676565566600021212121101021110765666667122221
2223344444545455555565322222222445666666656666666000111210121111111100765655566000111221
22222222344455455533322212122254565666666667756556660111111102110176666671
22222243445445545654543222212222555666666666656567011021102110210110765555660001111
244312224344544554465433322212224465666666676765555660011111111011010755654656600011000211
23222444544555443321122124555566666607655556671111111101110756566660112121
2323444444454545455545555343232112244556666676707565566567770000102112212223431111110101010010766665565570011122221
22222233344444445454555455543232123446666677607556556666667070010111222222333111101101010000776655565656700211211
22324344444445455455555321122255456666667666566666670000111121223343321111101010100776656600121
2222222334445445454545555565432225567667656666666670101122122323311121101110010107766665660021
2223234444445444554546554432265465667765666665607700010112122222323312101101001700765665667111221
2232343444444545454554455466756666667607000011212222322332100110010070766565670021221
232123232444444455445554655434566765665565666666600000012122121222232321111101101000777656655666011121
22223334344445445554553434434444660000007076565656565666667070101121212212232332111011000000776656566601121
2222222324334444444455545654444446760776566567576667670000012213131322223232321111100000077766665566671121
222222233334444444545555343444566701076565656656666677000101121221222223232211010000707767656556671121
222323343444445445444434354445660001007565556665667770001012121222222311000000007756556566600112121
2223233334434444544554434344444666001070075655665665675770000102121221223232210100170077766666001
