22222444665656566653323344454655666666766676011322322222121776666660710111022121221
246565665665666565665654443344454546556666666777676560021113233323222111000776665700002101011243222122122222221222221
31232222232225666566666666665666656565332333354445465666666666776767002223232322222211707766766701001111131222222221
22222222222446566665666665666656656656656567545322322323244453555666667667677666701222232323222221076676666767010101101122222122122221222221
22224435665665566556656566543343435354445455666566666666676001022322222212211010077556557000011011000112222121211221221
222222234466675655333344444556666666701222221077776767001222211
232334666765655333444446566666702222107777670001233211121
222323456676656533343444556567660022221077776700101223121
22222223434676666665654333343244445566566666660702322221221007767767760000022222121
223343466766655653233334445566566676000322212176777700110121221
22223232446676665543343444465656667607002332221070767660000221211
2323356676565454333443445566667676070232323117777767001121211221
222323446666654533233344446566666666700232222107767677010111021
22224456665666566532332434444556656676600222212177767760000121232121221
23223246566665553323444445656666702221007676771011121211
2222222223356667666656556553232334444555666666766002322222111776677600011121121
224446666566665532222333434454456566666677000124432321210007766656670000001022222212221
2224456656653223334444444565666666760701332312211070776656600000012122221
222222222223456667666654443232434354454556665667600222221210017776666000100001
23446656666665343212322324343434556566656666670222212221210707676656566600000000712122222221
222222222444667666544453232323344345456566666667667070021443322222222100776766566000010000001
22222222244657566654432222334444454565666667700232222210107766566570001001001
222222322224466666666554322232234344545656566600000233211007666665666671010110010
23222222222212445666666656666665432333334545556566666660700233222121210076767677000112121
222222224466665666543222333434445465656666700222221100777656660000100121
2222232222446666666654323243344455565666566600022212211177676670000111
222222444656666565533234344444565656666071312211007756666000110100212121
22222222222446666666654432223244444465556566566701222112111776666566700111010
2321222345666666666565332232234343454465566666600023122110777667666600170101222221
22222222222344666666665433222222232333434454545666666676701223222211070767666666667070700000
222222222232445675766665533222223233333344354546566666676667001232222222100760767666666670707000011
2222222222222323445766666666765434322222223223323433444455665666666767001232222221077776666666666770700070001
223222222222222222224356666666666666666654343223222223222333334434555666666666760102222232210777667666766666660070070000001
2222222222223222223435467667666666666665443431222222232324323434344444656566657566766600102222232122210777776666766656677000700700101
2222222322223222346666667666665432222233233233434444566566666766666670022222232222210077776766566660707000000
223222222322333475666766667666544332222223223324434444455656666667666701123222231210077766666766660700700001021
222222222322333466676766666543443222222322333434444445546556666666667600122232222121010070776766666657070700000000
2222222222322233365676667666666544443222222232222334343445445656656666666766700123222222222211170776667666666567700070000001
22232222332444676766666654444322223222323324344445556656666676667660012223222222222100767667667666670070000001021
22232222222222344566766666666665444322222323232333433444655666657576666770122313222222210776767676665677007000000011
22322222322324446666766665443222223233323334434544565666666667666000022223222222117777767666666667000070000010
2222222232222434466666766665444321222322333333344444456656666666766667000222232222212217077677666566667007000000000
224465665665456533234334455656666667600023232222117777770110211121221
22446544443434445456666666670712432222121007070000011
2223465666656665444343444465666767670023232221077000000112231221
2222346665656656660754655323232324445656666667677022322322121767676700001112233121221
22355656665666755555533333434445656666766667677600222243232223212100767076071001111212231221221
224446656656666666666756544334344455656667760102243222100770700101212223222212222121
222444666566566665443344444455666666770000234332211000707070112132121221
23436666666665670122222221
222222222222222444666665666666665554543334444456566666666770000243223222211776676001101111011
22232222446665666666666666655545533324444444556566666666670700104433222222212100077666567010211012101112222222221
222222222222222222234566666575666666666667545544543433344345444556566656666676677000010125444332222222221210017077665655670010221010110100123101
22435655665432323334444454565666666676707001043432232212211070767667660000211212210
223456565432333443445455566666677700701433332221211007777667700112121
22444665655465533244444454566676707023232210077760711211111211
2222222223222225665666666666665670121
22222222222322223222446566766666766666666565343465333343444445544665667700023211000077770010010210001
2222222334467666666567566555323433344454456556666666676600001225532222221210000076766607111101221222221
22222222233244666766656666666665665444533233343444445555656566667666770000224443222221211110007677676700110101022212212221
222222222222222222355666665766667666565444543323344434455456556656766700023321211210007776666600101010110121
22232222222122222222245666656666666656766765445444432333434444545656676666676000024322312221177076767000100010222171
22222322232222234446657666676667656554324343554465566666656667760000001223323432212212170767670001211210
23345656665565555444444444444444565667677607070022333332210000000000000001011122212121
2222234575666566665555553333344444565666666666777002222223322210007766666700212101000212221222221
22222222222243224566766666666566553232534354455556566666666770700121222222432311107666666671721021011221
22222232443666666666665665445532223343434544655656666666677607000012221000001110217211222221
22222222222222345666666665666656655532243244344445446565666566666766770000022223233232222111000077656656570001102101112121
2434566566666566666665333234444445446545556665666667677617007121232232322432110111107675666566600072111210121222222222212221
2232244446666676666565546532333434434556566766666676760000023232323222221077766770000102112112222221
222234566665676555532333344444444555656666766767002223223221211017077766567001010101022222221
222234465666666665553222243444444445465665666666667670001332322222212111007766666566000011110112222221
222445666666666666546543222234344454445556566766676700223322222121010007766666670011111122222222221
223465656666666553223344344445455566566667767770022333322221211010707766666567002111021022222222221
224445666666666666566655532223344444445465656666666676607010243223222222121107076666665701011101111222222222222221
22232212222222243575666656666666565323232343343443546565666666666676676777112244322322222222211007076766666566670001011121121
2344656666665656666654543222323244344445455666676666676666766701223223222222232211000076776567566667701221211071222222222122212221
2244465666665665655332532224334434545566666666666667666770701224432322222222222221000707676667666600002110121222222221221
2244466656665665654322322433444454565665676656666676770010243332222222221221107777666766566701121211112221222221
2344665656656656556532222322232434444546654666666566667760707102343233222212221117776667666666670101211210221222121221
22244456665665665533324334444444455566666666776670001243232322222101000777676665670102101111122221221
222244466656656553223243324344444445665656666666676070000233322231221221000760776766656671010210121022221
222244566656656555432233243444445565666666667600003322222221210077766666666000111110212221221
2222222222234567666666565532213222222332434555565657566666677022222222222121107766666666666576001001121
2222232223656666666654432222222223223434445555666656666666770222223122221221107776666666666566600001001121
222222222222222244566776566666665655322222222334324345556565666666667670022232222222221100776766666566666671010111221
22345666666665654543212223222322432443444545556656666666766676700222323222322122111100777676666666665666000101010102222222221
222222222232244666666676665545432122222222223323433444444455566656676666567677000223232232222221210107077777666666565665660000010000121
22222222222224566665666665432221222322322343444444565566576566766667600122322223222212100007776666666656666007001011
222223244656667666656665546532222222223234323444445456565665666666666667000222223222222121211000076767666656666660000017012211222222221
2222222223244657665666666654322122223222232323433444455555665666666666666767677102322323222222212212210117777667666656666665607000071112221
3122222223445675666666665443222222223233343444444556565666656666666677000222322222222122111107776766666566666600000076000212222221
22222222222444466666666666553432222222232233243345445465566656667666667670000232232232222212211077676666666666566000001071001021
222222222222224345666666666666553222122232232333344444555656665666766676666070002323222232222221211007676766666566656660000100100021
222444566665666666665755445322222223223223334434544556656575666666666676600002223222222222222112107677666766666666660000010001101122222222222221
2222222222223444666666666656756665443222222223223334435444565466567567666666700712322232222212211077766666666656607000100102101221
222244665666665553232243354454566566667677607102443233222121100776666670101211221221
2231222245666566665432233244454556656666767767002332323222211017766766000021121
222446566666655322333454455656667676767700233323232121110766766660011122212221
222222244666656665653223234344545556566667667660776701233332323222121011776766666000112102221
223222132456756666655432433445446556566666766667670010135433223222221211107776566701021110221
222222224467566665655432232344455565666666676770102443232222221021076766676010112121
222222222234666666666665553223344445465566666676767600233223222212110076675701011121
222223475666655665432233344555656676666767677132322322322211007766757702121121221
222222222223222224665666676666656556553323233444456556656666666666600223122222212121177676676600011112110
22223245666666665666566655532322333444455656666566666677001212214465432212212210077666766700111112122222122221
2222222232466666666566655666655322232334455465656566665666666011232221221212110776666767101121122122221
22432212222222322256666666656666656655653223223235345454565326656556656666767000122222221122211017766666665771011112101211
2222222222466566666656656556543232334444555456556566667070222222212101101767667660002110212211221
222222223256666666656665654567654555332323334445565666566667000022432222121077667677000110112112221212221
22223457655556553323223434455656656666721221212176776607600011111211
2222222222466666553443444545556556656666667000011122221232221177675666700212121
2222245665656666566534665322343444454556556566666001322112111010776676701121210121221221
244566656555322323434344455556656666567667670132223213122121000007675655656701110110101212222310
22222222245666665655553222123234444444545556566666666666767022222322222211210100107765666566666001111102111
222222222224466666666555532123223344444454655665765666767001243222222111100776666566666670112111111
222222222244666666575555322323434454455456565666667670700123433222121101010767656566660002111011121
2222222222253665666666655465331232343244545455656656666767677001110710121101101221
22222455666656655554322323344454455556656667666770021243322221110117766665667001101011121221221
2244565665656555545532222232334444545556566566656757660001332222122121121000767665656665760011102101111102122122121
22312446566656566555332232443444455455566565666676670000212444322212121110010767666666666001211111212122121
2345666655455332234434445454555656666666776000214332322111101100776665666600110111111122221
2222222244576665555432234324344444545556656666667667700112245323222211110000076766566600001111111
2222344666756656555431223333444454455566565666666667607711221445322222212211110070766566566700110101112122221
22222234466666655554323233345445555566566666666077012243322121211101007656565666701110110111121
232322222212322221322222225566566666665666666666666655322223233334444455656666566665756676666700021222432222222221222110700766666666656760010121011111
222222222222222222232256665666666656666666654555532222222233454456545565665666666676666770011223322222222221211076666566665677171211111111011
223322222122212222222324366656756666656666566665654322223243254445545555565666666666666666100022232222222221121011010766656656556660002102101110101010
22232446566656656666666567566766545532222232333444545555556566666666666760010222222222222211011076666656665656660001021101110110112243222212222222212221
2223232222221222222122222222222356666665666665666566666656666665555322322323334444454654565666566667666767760712224322322222221211100007666756666666771101111101111
232222222212222222222235566666566665666666566555554321222222223444445455555656556656665666666607761002132322312222121212111011766656656665565667721001110111110210011
23446565666656665656555322122232434434544654565655666566666766770012322322122222112111070775666565656660711111121110211312211222221
222222255665666566565655553222123444444444544555554656666666666767600000133323212222212111100100075666565656660101011111101102222122221
224446566566656565665555545321222122233343444454556655666666666766607660002222232222222112243310070077566657566760001011101101212121222221221
2231236665356656656665666665775455532221222433434435444554656566566666666676767760700123232322222122212354312110000077666565665656670000211111101111223122312221022311
43222222122222221444566656666566666666756545322232234333434444535465754665666566766677670000021222322223122222117707776666666071011012111121
22222456665666566656665555554532122243534444544545455655656656666676777070100232312222221222222211000007656565655710011002101021011101222222122221
24322222122222221232124656666656666656666657555455553212122212122434444444544554555565566566666667676777000011344333222222122223121111001000007756655665566566600101111101110111
2224321222222343666566666653334434445666666667676000222332221007767670701121
2222222222335566666665532344324565444554666677776001703123107660012101110
233545476665666665343323565344454566667767760021022176076002112112102223212221
223222212222243456666666667565533434454544455666666767677012222211176017661021121121
223321222222224446666665666765532434443455455456666666767776112124432322110007765100776012111121
224322222222221234456665666667607545322444444544546666767767000322332221000766676000211101
222222222222222244456666666666675653334344444445456666667760707001334323222110007767667700121121
22222355566566566543354454654566666677670001223100011211212112221
23222222222246666657666656553232323345456566665666670113222122117676676702101211
222222222224666666656666655676553222333453456656566666766000222222222211776667656711112122221221
2234476656655666576555553222323444455556656566566760071212222222221117766666666010121111022221221212221
22224566566566656666665667665555322223234444454656666666667002222222212170766666666071111211212222222222122221221
22222222246666566566666666665655322233224444444312145566655656566667666000222222122121100766570767556001021121122122222221
22222446666665666665655322233433545555665666566666670022222222212211117076666665660011121111222222221
22222236665666566665665655432223232343545656566656666760022222221222110767667667701021122122122221
322222212222224666566656666655322323334445556565666666666667002122222222222212107677666676601110211
22245665665665666566543323432443444456566666767770023332322211000777767070101023212122221221
223466566666665666665555432232233344445666666667676770023332232321210777667670000211121221222222221
222222223566666656566655433343434545466566676770000243333221101707777000101222211
222222234547766655566666576665465453222222222323243444445655656666666667677002332322223122111117777666766666666710111101221221223121
22245656656666566665655544323433444445566566667676760700012444323322322111007077607000110110222222222212221
224456656665666566566544433433534456666676770022332321700707771071122212122212221221
22244466665666566566665654333343435445454656656667667707172124443323212211100007707707001012221222212122221
2234466656656656566655654433343334345456666666777071234323222117770777070001021212122122122121
2222222235575675553223234434545656666667001322222100776656700001011
222243656565666566543334444546566671702322117607070001122212121
222234466666655532222222434445455656666666660002232221221110766665666667101101012221
222236566665555322223344454546556566666667072233221221121100007666565660011101012221
222223456665333243344555665666667070002343222221107766670000101
222443566665432323444444565656676670012322212107666667001010002221
22222244466666566653222222223334345454465566666676000223231211101767666666566660000001112221
2344566665655655322333444456566566676007222222122176675666600011001211122212221
23445656665654323344445656656667702222212107676700110122212121
22244466565323443445465666666667000223222221107666666000100221221
222324466665333234344455666666667002222222210776666666000110121
222243465666565323334344445556656666766070012233222121177766766000011021221
2223466565666566656554343433445436566666667670011433322110707070001001212212221221
2222346665666566566565455453222322344344443445455666666666667660012212222222110000776665666660010010170011231122121222221
22222346656666656656553222223343434445465665666666666676000222322212223211007076765666567001011101222212221
2222222222222245666666665666655553223222432444345445556666666666666600022222222222211000077666666666700112111002221
2222222222223232447667666656655532223223222343444544454665666666666766700221222232223210100077666766666660000100000
23556566566666656545653232323334444445556656666666766700222232322121121007677766666660001021010112222212222221221
222322222222223446566666666676553543223333434443431354555665666666666677700122232322222210000770776766566670010101101011
222222224466665666666565454444332222222324343344445556566666666667667670012222222223222221000777666666666760000000210710122222221
222346656666665666666654534545432223222323332443534545466566666666766767670022222223222222221000760767666666666600000100171102231001222222222221
2222322222222222223456676666666576554533332334334444545566666675676767761712223223222432211070707766766670101071711
222222222223246666666665666566545432223222332233453545656566667666767700213222322222221776767666667667000001110222221
2222222232232466666666656544332223233333444455566666666666670222222122221107776767665666000001000101
23255665665656665554323233343444454456666666666666760012322231322210107176767676607100100100222322221222121
22222222222223234576667666665555432232232232434344454556566656666667666776701212322453222222221211100776676766666666000100210100
2222222446665666665666656545553222323445456555565566676670771023433222121102111766666771021721011021222222221
2235466665666566565654532232344555565565666670707124332121212117666676000121001122122222122221
222244656656555453322343454545556565666666777000223333121211110076666700101107012212221
22234656566665665666655455532222223534555465656566666677171224431221211210765667607101111100222122122212221
22354665666566666566755465543223222344445555556656666666700072224432212211211017666666677010210211121122212222212221
22224556656665665666555453232232444445455565656666666677700012222265453222222110021210766676700010111012222122212221
2344665666665666665666666565546555322322233443555466556566666667600222222212102117766666770011111212221717321222212222212222221
224456566665666665656554532231233444545555655665566667000000134433211210211117666666667011011101022122212222212221
2222222244565656666665555553222223222324444555565566566665676700000224433212122211117766666667670110101121111221
22344665666566656666565545432222344445455456556656656667600000223532122211121011776666660711021711121221221222222121
2222444666657566566667575445654532223234444455556565656666667677070012234443222221121211107666676660001012112122102121222222221
22234566566665666666656655555553222223353546554565565666666670000112543432122111111766666666600101112111110122122232122212221
222222222222222223456666756666666666554322222122222232443444444545546556665656666566767000122253222212221211110010077666666665666767001010211
22222222222222322222445666666666676667566544545432212222132222334444444444565565666666666666666700113322222221312211100000776665666656666670000101101101
2324456666666665666666567566665666665554532322221222222221223234344454555565675666566666666666666666701222222222222222212222212111000766666656666666666676070001010212122122222212222212222222222221
22222323346676656666666657565432322323343444445455656656666666767667700023323222322122211110707776666656760002101002122221222221
22223355666666666666666666665446554321232222232333444444455656567567666667666600212222223222222211007077667666576666670011211210000222222222222222221
222222222222244456765666666666666666566666666666665666546535565532232213222232323334434656656565666666666666666666012222222212222212221210076676667666666666677010112210217701221222122222222222122222222221
3122222222222222222234566666666666666656665436665432322323223232324344445565656566665666666666767600223222222221222212211210776676767666766777000121100121
2222222222223222565666666656666556554323332323334445455666677700223222217776767767770000102110221
22222346566566566566665553323323224344444546656667670023222211076776767770000101212221212221
22224445666566566666566666765554332332223323435445666566656566667666000032222222212211076767607670700001122210143222322121312121
324431022221222122222222345666575657566656666076566554432233222232332443553655666566666676707002323222312221077667667676076007012100222110
31312322221433466666666666666544565555655532231232232333434535456566566666766770023232122212110777666676666676071001102211111221210021
24346656565665656656532221233224343253435454565566566667667761773222322222221211000007676665666566567700021011111212122212222211
222223665653432223433445545666556660212111110777667700001
2222222222222245666665676665455532222232434444546556665666667666667002223222322122211110776666666660001111101
222232212222222324466676656666675654654553222222324443544654656656666666666676600222222322222212211010776666656660001011111010
22345666666566666554554532122223223434444556566656666566700222222122212100776666666667001010101102222122222221
22222222223566666666566655453222222334344454655666566666666666600122223222122212110007666666676000011112221
224366566566666576666565555432222322432444354465566666566666666667660022222223222132122111007776666666670001210211211222222222122221
231321222222222244467566676575666755553223222332444444556566656666666666002222222222212111007766766666666610111211021
22222232132222222445566666676666765445554322122222334354354455565666666666666670012122553222222221210100177756656665566000010110102107021
222222222222222223566666666666666655555322222222333345445656566665666666666666072123123222222212211110767666666666670011121011
222222222223222336676666666666665665455555321222222223223343545556566656666666666676002222222221222223121010767666666566666660001021011110221
23446666566665666666655554532222222232344445455556566666667700023332221211110007666666666670001110111021232222222122221
222223222325666676666665666665453222223223433445536555656666667667660122222222122121107767666666566601011101122222221
224455466556666565543333443444445455666666776077072233233232111000077077700010002222122212111
222465456565656653444434444445566667767760702232333231000000071700001002232212121
2222222265466566566656544444344444454565666676070002333221101700007000107222121221
2344566666666566546544433434445544566666667670013332222110000707000010101212122222221
223455656655565554435344344444655676666707022322211000700707001010231121212121
222243466666566656666575666544445453343444354445545666666770700023343222210110000767670001101002217002222221222222121
22223565656546545444344435444555666666700702332312100000070000001001212211
2235456565656666654544333434454545565666667777000233433221121010070760700110172132121212121
2222544665656656665655533343354344555666666770022332221000007607600001110122121212221
22246565665656666666666544322333333534454445656656667666761322222212111000707677767767011102122313122222122221
222222222231222222225566566665765555533333444445445565666666660022222121101070077777011107671
22254665656666656666666565465433432432534445444565666666660222221211000077070760707112100722222102232221222222221
222453212222222222222124465656666666666656776553233333333433445654656566566676677001223222321221077007777777700101211
2222556565656656656665666554332323334344455556566566666766722222221221111077777676000010000223212212122221221221
22224656566565666665667665543433323334344555565656666666767702322231222121117077777607000010012222222222222221221
2255566566666666566566556565543433334344445654565665666667023122212111100777707717010111221122112213122222222221
222244656665666656666666665667665336553223222322232334444455565565666666666676702223222222121112110767676676676666070011221700222221222222222122222221
245565656665666656666656666666655322323243233444554465555656566766677032231221212102110000776677667607111002222222222122222212222221221221
2222222222446666666566655322323243454656666666676722222222212177666766771121121
22222354666656656565532323244444465666666767600223222222217776666700011121212121
2222445666656665665653222333454465666757671762322222221076667666700211212122221221
2222346665665556543232335444556666666666702222222212117676766670111221012121
22222456665656556553223234444555666676667012322222117766677001212100221221
222222446666656665665653323243444446546655666776676021322222222111077766566666000112112121222221
222445575656665666565565554322232243444554566667666670033112321210776675667000102111102132122212211221
222446656665656565553223232232444776766766676700111121123121221
222224566656665656546543222223233445465566566667666660031232222212211177667666666600112110121221221
24446665665665655444322322434445455666666667670700332322222222100767666767010100012221221212221
222224465665666675655322332233436544565666667667702431322212212107676676666760011210122222221
222222222222246566666666654545543222223233344454454455566666666667667670011222244543222222221011001007767666666656660011111011011
2222334555076656565433222232344444454555665666666776770001224433432222121110100767766566676700121211212110
2222244666566656555553322232343444454545545566666666767607670012234532323222211111010000776675666656600102111101211212221
2222223356657567665665554453222323222432344444544465656656666666676666777676777001122223265665433322232232232222122211010000767676666565556070100110100102121212221
222224475656656565566555432222223324344454554656656666666666761707002121710021001111121212121221
222356665655666565545532232322333444455556566565676676077070102224444433222221121101707676666656600101001101121222112221
222222222222234666567666566544432322343335444544555656656676666766767700012246533232232222222211110010077767666565570012110100001
3124466565565545332223243434554566656666766677600023332223122211107676666676671021012110121221
2444656555656555322222232343343444444546556566566666566676667677007001224453432322231321222121211010000707076666665555566710101010110122121112211
22346665666566565666532322333444546666666677003232222107776666700012112222122122221
222222244665666666665665654323234354466666666766600032222322217766766000011212122222221
22222222322466666666656665665654553222222223343345456656666677123212221707766666666660000117112221221221
22223244666655665665655654312232233434545656566666666676000221045322321221221076766666677101012110211222121
2222456565656565655532332344354556657656666666666000222222231222212107766666666660001121121122121122121
2222446566656655555332333344354666666676767002323222170767670711210111221221
23246566655655665532232334344556666666666770222232222210776766660000102121212121221
22222222344676665666665545333344444444566666766676002223222321000077766660011101112221
222222246566665666655654332333444466666667666002222221767670000021212212221
222222235566765666666565333244335354465566566677676012135322312121000707607666710112122222221
2244554666565665666575532243444444455546566666667770000223245332221210110000766666567011211111212322212121121
2222235666656665666556655322333444454546565666760700121453431211100007666667610112102211222212221
222444656666656566566665755653223344444444545555666666666677670001222246653322322222111101000077666665670111211112222222122122122121
223554675656665666666653333343444454555656757667677001224433222221101171767767677111112122232221221221
2435656665665666665666666655655322243233534454554656566666677000701243434322211111000777667666701121122121222221222212221221221
2244566565566555322222334444445556565667670700233322211110077666666760101112112122121
22223233435677766666555332222123223334434435454656666676767700223323222210000077675666556670000700710212221
222222244566666653222323343444455656666666666666770122322232221312100777666666556660001111012221
2223456656666566665323233334444444665666766767776000232332323222107777767666700111212222212221
232222222224466666666655532232332343344445565666666666667667000000000121101110021
2223466566566543223232333444444555666665677666760002143232223122111707766765665670001100102212221
223456666656533223234334444444556556666666667667002232222222212110000777675666555660001101101112222221
22346656554532222232233444445546556656666667670003232222221211110767666666655670011010010022221
222244566665665466532223233434445465656756766676770100217101121112121221
2222223446666656653222223243434444445456566566666767667666670222222322322222221111007077666665656701010101121
2222244665665532222222334444444545556666666660700023322222210110007675765565570000100011221
2222545665666665666666665653223233344445446566667667770002333232221017776665677011101122132222122122221
245656566566566566554333332445545666666676771000234432222217076077000012122122122122122221
222245556665666543122222233233343454445565666676676766666667002222223222232321221017777766665656676000100070022223222121
2324466665656666565432222222233333434444445565666666666666666666071132222232222221221100070776767656554667000700000701223222122221221
2223232222122221224455666666566665434322122232333333444345456666666666666666666666002223222222222222221117070776776556554566700000000000700071
22323212212222446565666666543443212222222323343434444455565656666666666667667012223222322212212111007707766665554557600007000070700001
2223234565656656666665444322213222323334343444444546566666666666666676676001222323223222221221100707077676665556660000700007007700122222222222221
24446665566665675665444322222122222323343434434344454454666666666666666666667667012232223223222222221110000070707077666656565545660700000070000000002233222222212212221
2322222222222456666656666653334344445465566566666667700002433321222221110077756556600111101011
2322212222222236656656666656665333444544455566666666666760000214432322222211100177655656600111210001221
2222222224566665666656666553343434444565656665666667770000243332222221211107076565666071211170112222222221
23222221222446566656766545444312323343444545456556666676770000225333222211110000766565560701010001000021
22322222223466656666655532333444445565566665666666000002432222122211210767675565566000112111101101
24322212212222344666656656666665543243434454545556666670760000333322211100007666566701111111110
2222223456666656656665666566565453434444454455655665656666670000021544322122121211110007656556555670101121111110012210133122212221221
22322221325566566666554343443554455566566665666700000023433122122211010707655656701102112101121
222222365666566656666666665656533344334544544654666666667677700021433322322211100070776666666001221211112222131312222221
223222212222244566566666566554344434544545556565667677076000024333232222111010007665556566600111121121011101
222222223234676665675666544655322232324445465666566766667667670132231000111111021211
2222222222222446666666666655543222223243454556566666666666660012232222222211177665666566001011010021
2222222233666666656666656565322223233454565566666666666666707212331070101021112221022221
222223236666566666656543223223233545566556666665675766666712132222222222212121176676656656670021010112212221
222446566665666666656565432222223233455555665665667666676767001333223222222212111176666665666670010211102121232222212221
222222222235666665666654532223334434544566666666766766602122322232221107767666670001011121
22222243566666665666565322323234344544556566676667770222322313110177666766670011010212222221
2222344666656665666532232343444545656666676666702222222222110776667567001112121221221
222232244666675666565432233344444445455665666676676600022322322221101000777566666001101102212221
22321222222234656665666666665543232323343444444565666666666700132222221100777676676700011101221
222223566565666576655323334343454555666676766667102223232221100777666660000101112232212221
22223223232566675666654332334453555555666667667667002223223222121100076666660001111011
222222223245766566666665553222323344545565565666665666670001022122333221121017766566666700101111222221
23246656666666665453323344545656566567667671023232221211176675667011000121222222222221
235466656665666566654465453222222322433544534466566656756666676666000012233232122212111077665666666700100110001222122221221222221
222222234467666656666656656545322332444444555555666666766600000222333221211101076766666600110101221222122221
222222222223466676566666655554322233335445455475757666666761102222322221010766666660010701002212221
22223456656666666656666653446532322223324444556566665666766766766110223222323222211176766676607001701021221222212222221
23224566665666566566543223443444454554656655665676676700001222324322222111001077765656566600111100112222122122212221
22222222244666666656565433324444445544656666667576771022232232121100077665666701211001122221
22444554546676665666676543233444445444655556566666700122322111110007665565456600101021010110102223231221121211
222446546656666666553653233434454555665566666666670121222232221102170766554567701171121001021221222212221
22222546565666656665322234434444545455656556666666676102123222212121011710776556545666000021110110012222221221
243456666655434354445365555556566666666000222222221112101017666535566617011121010001222221221
222222223465666665656656546755322234324444545465545656766566667600022223222222102110000766666554656071101111011101123221211
222322245656666566656665432344444554545565656656666667710222232221211210100075555557607210111110102102222212121
2224455547666656666655323343445455446566566566666666670212222222221221021000076565565567001111110110122231222121221
222244653246560766656665666656656653222222535444545555565665666566660710222321222121021101076756545566000111171110210223221222221221221
222444566665666665322434444545555466656566666010222122221101010766665555566000111001110022231222122221
31244465665666666666554323344344446554654566666666665666701212322221222212101000776654546660001011000110112332221221221
22244455465677665666653222334344455445655656567666701222222211110000756545566670101011100111224312122121
224455465567675665332244344445465555556666666667112322311111211000077555554557601010110101012222122121221
322221222222224656665666656665332434435555666666770070323322221707767667011121221
223445756665666666665343344344565466566667670000024433222121007077676001211222222222221221
222312222222346656665653343444456566666667707000110010121
231223222446566666656666653332443233465446556656666666676770710222453332122122121707767676667110211212221221
222235466566656656666653333343445456566666666777000224332222211070767676767011122122221223212221
22222235656665666566655323444354465665666766666677000023433212232122170776676666711112211222322212221
222333565666666666666666553323243344546566666666666767013222312221076676766000211212112212222322121
22222222444666566666666656665653222322343344555566566666666767000033322222212121076676667666771112121112222222221
223446566666566666665655332233334444655656666666767076017102170021211211122222131222221
222222222244656665666656666655432322233344444446566566666667670000222232222310076676666677001010111122222221
22223222321244566665675675666655545322222222324344444455655656666666667770001232323212221110766666666666600000101110111222221
22222224456665666656666666666555322122222222333444454556565665666676667677002222232222222212101076665666566666670000102101021222222222222221
2234322222222232222224566566656666666653224344344354454545665656666667666676770002122210700101011011010111
222432222222122222224465656566666666667655322222222323334444555465656566566667667607000022333222221222111177666666666666660701011211011
2444665665665666665465322223232334444445555665666666676770000123433222221211077766666666670001111111212222222122221
22224456566665666566665666656554532222222323244344454556565666666766770021021766670000110110111221221222222122222221
22332222222221222222122454656566665666666666000754554532232232333444444465565566666676667777172122222324323211017776667576660071100110111
22222222222222244466566666666575565455543222222322323344445545656566656667666767700001232323222222221177666756666667000001011011101211
2222222354566666565566565532223223243253253535555566566566666767770000212243232222312110777666666667600000102102112102212221
2234465665665666665666665565453222222232223323444444456566565666666677666760710122222333222221221776766657666766707001010111212122212222221222221
222222232222224466567666756666556532343344444555666566666766767010222254322223121210007776666601112111121
22222556656566666675565433434435444565666666667676007112245332322212217177077676601121210022222222222221
222232246566666656666666666666565543234333444545565666766677770124333222212100007766766000112112122222222212222221
22344665666666566755455432223233343444555565666666667667600712213433222221721210707666656660701001101121121231222221
22222223466656666666566666544655332333344435444655566666767607012143323121100007766676700101122121702212222221
22222222222222222244666666656667666655453233334344545456656656667767010012453432222121100007676676001011110
22334666666566665655533333434344455656666666666667070012244323222212210000777666660001112100212222122221
2223246665665666656656553223334444454555656666676770012443222222110010077656657001111110222122212221
2222222222222345666666666676554653243333444455465566665666766700102353222212221101077767657601111212101
223465565665666676555333334444444545456666777670000243333231101000070776656600111101012323221222111
2345555666567556532344344444454455666666677777002233332322110010070077665600012111213212212111
23556656666656554322334444444545656566667677700023333322121101000076666657002101101212222212221
233344676756555554323243444444444455656666667767000012245432322221210000007776676660111121012221011
22222456565666566565654334345444454455465667667677601033322322121000010000776666600221121121222211221
223454655665665666667654755322344334534444444555665666670707002234323222100100070007777666601021121121322312222121011
2444565666666666675545432333434444444454556666676700023323211001007007776656701011110013311232222212210
2324545655656665676567566533343344444444454556566676777760022332332221101000007077776600021211222123222221121110
223322222121224556566656766765545323434344545445455675456666677760702232333222122100010100707766565670121111121101
222222222222222366666575666666666565555333232323454665656666666676012322222121076676767000111021222221
222222222222225566666566565555454343344655656565666666667002213222221211077617010110211011
22322322224466667666655544433434344456566666666767700103333322221171760770001070210221
222322222222222222322224466666666666666666666555544555432323444455566676607707023324322210076666007101001100211001
23222222222324665666666665655565553323232434444565665666676667777000322333232212210076767677001101110112221
22222565665665666656666666656555454322223243353545456565656665666666667666702222222222222212122111000076666666666001110110122122122122222221222221
222222222466566566656666656665655553322324334444445445546656665666676676766777022323232232222212211010100007676666666660721021111121102222222122221
343222122212212222224656566566566666566676654555532323232344345445555656566566667667607023223222122122111010077676676666701110211111210221
222322566566566566566655455323334444444545465556556665667667600700700234323332222121211101000007665655667010111110711212221221221221
222223565666566656665665655665465453232222323324343544455555656566666667677760701323332322221212111100077766766666766700210111111212122122122212221
22345666656665665656656665665655656553333233334334345545565666566766666766700223222223122212121707777076777607011012112121212212212212212221222221
2222223566566656656656655532232434443454454555565656666567667070702233233122211211101000007666656666001021010111132221212221
2222535665666565656565453223343244444444544565455665665666667667676076070023243232232322212121121010100007076675665667101021121011122212121221
22245556565666566566555555554322223223434434544545465565666666666776770023323223221212111010107076766666665700010210111011111223212212211221
2232222222235666675666565666565444333333334444456566666666666700222432222212110077777777000010222111021
2222222254666666656655656566543323333435536566566666666676770223232222222221100077677670000210122122221221
22222222222222322256666666666665676656565555532122222222444355456545556656566666670701232332222111111101017666656656667001110112121221
22222536666665666666566656536670765555555432432222244444545556561011110177665665656607117111011102111121222232222212222221
22222232222246567666555677665655433233343444444556666666766767700221233533232221100007077677600000121221221
2222222222222224666665666666566546666554555532212222122253444454545555666121011100010076565665665660001011110111211221
222223466756556555322322333435454565666667676676760702233233322232121101707766676660001111121
22222322135666666666656656665567554543332323432444445565666666676766607700224323323232222110100777676677000001010222211222222221
224565656666566654444543222131222234324344444445555566566666766676767012233322222222121101170070776566656655667010001001000000022322222212221
32222222221223556666566666754444444431222222343343444444455656665666666766776760012243232322222221211000070077566565556700171000000000000221
2223222222232465666766666544444432222222332433434444454555656666666666667677670022233233222222221121010007077775665655466701000000100000010
222223222222122222224466666566666666667544444432122232233332344344444455656566666666666666667777001324332322222222221221111700777776766656545667010001000000000
22332222222212244566566666666544535321231222343434344444555655665666666676676776071222432332322221221112100007077666655556000000000000000001
22222222224656665666665667665444443532312221322232232344344444454555656665665667666667677700023233323222221221212101100777767666656656555670000001170170070112222222221
22222222232212324566666666766654444444431122223234334344444455556566666666667667660022232223222222121101000707766565654666000000000000000001
2322222222235656666675545443213122232333434444454465565665666566676760011224432222121212101000070766666556566700000010000101
222232222222222556666666667565444445431222222223232343444445455565656666766666776700012245333222232221121101000077676666655565770100000000100021
2222222222222446656566666544544312212233233434434444545556565666656666767676002223232312212212111100700707756656556660000000001000010
222222231223456666666665444444322222222232234344444545556566566656667667670002333222222122121110100077766556656565670000000100001001
2222243666566666655353554565656666671122222121766671121111231221
22322123222466666657555533444535455566666676701023432221110017765670121121711
222224656665666566655653234344454555565665667677701022323532212111100076665656607211211211122212122221
2224455676657666554532233445355465555666666676677600022243222532221211121000766656656566711211112112121022222221
23445666656666666656555432344444465566566666666677013223222222111000766656566600121121121212102102432212212221
222446665565322234444445321556566656666676760770002234323232222101000766666600112112121
2224344677566656666553333324444656666667677032232221177776700000122443112212221
224445332322333444656666666666676000024322222222177667660071001
22322122222222222244656666666666654324343435566666676666770222232222210777770000
2322212312322466665666666534334344466665666667660022222222117776170101
22222223446666666666665443333445656666666666666702221322122211777000022222121
2222224466566666666554433443456666666766770322222322107607601010222122221
2332212222212234566666666555323243444546566666667667601232222222121767667000117600
22222222222223556666766665443353435545666666667607001010245443322222110707701710
22222324446766666754655433332534466566666666760222221222170767700011212311
22224355675666666666566665344453334444665666566766070033212222210777000021210022131222122221
22222223122223132566566666666653443443456566667667022222210070700000
2223212222222456666666554553334433444565656666766700003332222212170707666600021100000
312222456656566566666545543333444445655666666670000134432222121007007767001111002322222111
2222345656665656656666666767545432243434444554665566566667607010022454332122122110100707666667610121102311224322221222121762221
22365665665565665656655453222233443535445554656656656667666767760000112355333232322221212111011000776666566670110111170123222122121122221
222222222222224666656666666545454432334434445455656656676676070700034333322222121100107077676710110110
23556656656666665353233444546566656666767001123533212221107666666001012111222122212221
222223656566566565533444545555566566666660767702122223322221211017666667702111122222122121
222222344467666666566666566665666554776565432323223233344465656656666666666667700212225532222222221212117676767666776001011222211222221222221222221
223466565665656654532434445456556566566667677600102322231222121176666676731021212101212212122221
22223245666665656656653233343445555565666666667676070071222322322232222100076666757670121012122212221221
22222222222234665666666666555554322323334445566566666676767700122353322222222117767667667670021211210121
23222222132465666665676565323324344445556565665666666777700012232232223222211107776766660012112211
2224345675565654544444546666676771223221767001121210122121
222223446756665656665543333344456656666766766101011001021001212222221
222345656656665565332434544446666666666676021321321210766666700021021222112122121
22444656655665666532224334454454656666666667001177010111121122221121221
2222355656566565666654333354435454656666776766721222332211000766566600011111221721221222121
224456566566565326666655323244344545566566766767001145323222111176666676001211221011022122212221
22244565665665665666545322333353454466666666666660701100110110100221212222122121
3212222445656544333445454556666666677607000122354432223111107666660010101011
2355565655666654754323334445445666666676767701111011111022212122122121
224331222223154666656666665543224344454546666666666701323222210107766707111021011
22222456555544344444456666666666001033322110000700100111
231231223222365666656666675534343434455465566656676670000243232211211007707171010221
22222222232556666666566665656565543433444454546566566677071001253533122121007707000012112111221221
23222222254666666656666656545533324344454456556556566666760071243221212121111776566577001111172210002122222221
22245345666656666666553333344445556566566676777700011244444322222121010777607171117662223121222222221
232245666666566566565556543332344445465656666677702332212211007767071011100121213212222221
22455656566566566666566565555443443444545656566667770023222121100000000010212100212222122222122122221
222233222321222234566656766666766554332332233333445454565666666666670700224322222221110076767676777000001101
2222232212223234666666666666656666543434433333433243444445656766676766770022322323221077707777077000700010123211
2222222222322222222345666666766666666665534334333334343444454556566676667670700022443232222221010777077770770700001021
2222224456666656666666566554434322443243334444454556666676660776002332232222110707777777070000002112121222222221
2222223222222222223446566676766666666665665433333333333434344444465666666676666666666677002322223222222222222170007777777777600710012111
222222344666666666656666666545543232223232233434443454545566666666767600770224332232222211000007776676667667600000011111222222222221
2245666656554443212322334443445455666666666601223212221000070776666570000000212122221
2223122346566666565553222323343444446566566666766022222222211007077766667000111211
24312222222222246656666667665454432333344455566666767123321211070776666000101001
22223222222123466665667666655554432333334444466665667666671232222222100077767607000011210
222222222222224566666666666566554332223333344556665667666667022322222221210777766667770111121
2223222222246666656754566532322334444455666566766022232122101707766666701011110
222222222466666655655432232333444445656666666670023322222110007076675770101011
321222222222566666566656575665354322222334344535456666666666771332232122111717607666676000101012121
223565666656666666667565465443323323433444444665666676676677000244332232222222100707777677607100210022102322222221222221
22222456666566666666544507654343323223334444566676576676222223221210776766767700100011122222222221
2233122322222222221212244556665666657666766775544443232233335444454654656666666666667767701232332322222121111000767667677000010011
23456575665666565766666766655454532222222223234443554465556656666666766767071212212445432222221211021007676566666666660001011010111232213222222221222122221
222222222324656666666665666656666566566666666533323232333434444545565656666766767777702233233223212211110777677676777070112122222122222122122222221
2222222444544570076656666665466554432233232434445454344656566566566767760011333221221101010777766677000100111022122222221
222222232132445666666666665455332233434444546566666567575760021222212322117767766077001212100121
22223556565665666666656653322332334444455566666666666666666707011224543223223212221021000767676677000001112122223222222121
222224454675665443234344445445556546656666666666777012232322222122111100107766656666710111070222122221
23222222222245666665666532232433444556666667666770713432223222210776756700000110
22222222223246666666655433334444444666757667002232221777770000010
222456656665543223343444566666667131321177766600000021122221
2222324666656667544432333444445666676600222210777660701010222221
23222566665666555533323533566666666070011000010211222221
222223213246666666566666553322333444446666666676702322222217776666600001001312221
222245665666656666565432222223343545565656676676670132322232111177666666660001001102432122122221
22444666656666566666555443222234354555666666667607022332222211176666766001101110122232122212221
222445666666566666654465432222223444454556566666667702232222211100766666667010110211212222212221
2222446665666656666754545532223223434546546656666676677022323222221110776666667002101110122222221221
223446666666566656653543232334535546565666667707013243322121100076666666002101011122122212221
222454666665666666665555432222232434535565466566666677002332222121117766667657600102101102122222222212221
223546756666666656656654532322323444546565665666666766670123232222212210107666666670110101101244311222212222221
22222245666656666566656666654535322323234444455656666666677076002224343222222111077666666767011110011321221221222221
332122222122222455666666665665454332334444546556565666767777123243322122110101767566701010010001
222222356665666666666656554532223344535455556566666666767767102234323223221121101017766655566011011010101122321222221
2443122221222122244566665666656665433232344344555565666666767712243222221211170776766577111000110
22234656666666566656665455322322334444555656666666766676021233222222121117776656667711110110123122222122221
322222222222122223546666666666666656553222334344455556565666666760000234322212211110076765666600010110121
222222222336666666554554323443454465666667767001333322111076767010100010
2222222222346666666665655432343344455666676676760722232322321107777700010221
2223566565665654324344444454545655666666607700223332112111100000767566566601021002122212122221
2222222346665666565665443434443535444666667667666700222322323110010707767000112122211
234566566665666656654544344444454446545666666767600222323222101010000077666660111112221221222122221221
22223346676656656665665665322454323334444454465546566566760767070223333222112110100007766566566670211110000122122122221221
222222445666666566566656665666556546553323343445456556666667676000124432223122111077676770011111121222122221221221221
22224566566656666555533232343445454656656666776767102333232122121017077667670102101021232212221
312232334445566666665445433334344444454666666666766767767000002222310700100100010122122121
22222222322222344446566666666655333344444445556666666766767700001221700001011011221
2222222222234455666566656665655533334354445556666666766760760001012170000101021122122222221
23235355566556665665334443353453554656666666667770700012170700011021111221222221212221
2345656666666566532222232333444444555656656766666700022332222211210000776765666566600011000221222212222221
22222222224465666666665333234344444555666666666766667002222232223222110000767666656560001110112221
22222222224466665666666553222232324444455565665667567676670022232322222121110766766566655667011112100122221
22222222222222456566666666543222223223444455556565666666667070012343322121212101766676665666000101001
2222222244565667666665432322323334344446546565666666666776000213333222121211070767766666665670021100021222221
3122222222222446666656666666654322322323433444445556666565756766677000022233432221222121000707676676665660011102310721
22222223556666666654322232324434445556556566666666667670001131222246656533222221221121107776666666566600021011712222221
2322222122222243665666666532222322334344546546565666666667676766002222323322221221121717676666666666671117000
244445676665653223223234444454655656566666677002123322121210107676666665666601021110210221222221
222444656666666653222232324444445555656665676767001323322121111177676666656667021070022222221222221
22222444656657666566653222324334444553655665666666666667701121222465432221221211117776676655667011101112222212221
222222222323566666666665323323434445455465665666666676770012333222222112100177766666565667101210071222221
22222224665666656665665322434444454555565666666666770002232232222211110100766665665607110211122221222221
22245665665666665666566655565322323233444456556565666666666670001323232222122111100767666667660011111122212222221222221221
22222454655776665654443454454544654656656666677676012222232222221110017707666566660102111222122212222221
222222244666666656656655332244444544554545656566666667667700022323232312212111001100776665656660011111221212122221
2222222256665666656656665656532233344545455545566656666666777000222323322222111021010007666666566657011121122122122122212221
2224656566556656565443444444543125455666566666666770702223322223110110010776666566660111110213321212122121221
22222224566666566656665554323233445445455656666666666770022232232222111101077666665666600121111111221222221
222256566565665666565653223343544544555656656666666667771223232222122121011010776666666650011211112222122212221221
22324456665665665665445332232233445455665666566666666766607011122453222222222212117666766666667101111110212122122121
22322222222224465666666665665443232335435455666566666676666760710122433222232122210776766657001101012111
2222233456666666656556555443232324344455565666667666676777001221110111111011222121221
22223556566566655654333344546556566666676670103213232211170766666001211112122122121
22222232222224446666666666656655322323234444545656666667667667012223223222111766766765670002111110221
222244565666657653333343445455666666666767012232222221007767667001021112223121
2222222222445666666665655653323434445455656666666677670012323322222111707767677600121221221221
222222244466666566666655454553323323443454556566656667666766700123223223122212100767766765760011121012100122122221
22232222222454666667666566665655455432322332334344545566566666667666766660002222223223222221211077677667665666600111110101100322122221
2234465666666655443223344445566666566666666600021222222222217667656700021112100122222221
22223334666666666565453333334455565656656676670701022443222212121777676660002111112210221
2223244666666655453433445546656666566676767001122533222222221007776766001121212222221
222223356566566666666666665366553222223224434544454655556566676770700002233433311102172107666666566670021001010001022322212222222221
222245656665666666666655453222232344445555656666600013312111176766666670011211121212232122221
23212222323466666666665446553223232334444565666666666667700033232222222210076767666766010102110121
22222222222222246656666667566555332232332444545656665666776667012432232212221107767667666710111210
2222222323222324666666667655565322332334454565666666666767003323212222212177767666760011211766021
23455445443232324344445556666676707132322211176766676070010011011
22455454654323324344445655666667607013332211210076776670001121011
2331212222325566656656666554323324344545565666666666070002222223222110776667600110110211
2346556566665554532232334444465456666777670023232322100076676660000101111223121121
222453311212212222465565656565666532232345453554465666665667770222232212111107776655667001211101010
2444312121212244565656565665432343344455465656666667670102122222222217007666670101101010
2224654656565544323244345446666666666666770232223222212100767667000111002321211
2344656666566553332343444444655565666666776000022222222222100077676666070002211102232221221
233212212224465656656554543223233444445655666666667700002433222221211076766666660711101101000
2222224466656656665565533233444445666666766656661011222232331100776765667002112111102231221
2222222565666656654544443434455566667677000333222110700000101012221
3212236656656554534334344565666665676700024322122210700700110002221
2222222246566765655544433344555666666700231221077001011111
2445322222222222656656665667765453323343454455565666676760023222222111007766660000102101111
22222222656566665666556545543333434655666575676670132222212177700001112102122121
2222223234756666665655665444344443434446566666667762312122100070000000101211121
2222222224665666655554543433434565675666666760122222221007000011210001
2223222224665666656654443343444456566666660003122121007707000011221
222222321222446656666665654554323223243545565665666666760022222212117677071000110210
222222222466575666667554444433433435456565666660700143221221007707000000112221
24322222244656666765544444444344454566666666677000124332222110000000000101011
2432122221222446656656656654443324344454655566656666676002222221221111777700010017210
222234665666655544444345456666766702222221000001710121221
222244565565556566665323234354455565666666660702222222212100076667607102112222212110211
223455665566656655432333344445565666676666670022232222221107767677001111022222121211
2244455655666554323234444445556666676776000233232221100776666701021011212121021
2234466565556656765655332222324434554656566666767777002233332222210176676667770110212211322212121021
2224446555556536543223444354545666666666707012332322101007666676000210211021102111
22224465556566565555432223222233444445455566666666666676070022333222223112110000766666666770001010210122122111
2234465656565656665432232343444455665756667560000222321222107676666600010101122122121121
224455665656656554334354545566666676700212223221007677102121021122122121
2224456556556666654535344444544665676667770122232231000070717121212212211211
2222345665655656755433243545556666666666076112222322221107666766600122122212111211
222224565656665665665554443435444444666666667601022322110707000071121121212212221
22244556556556666655332434445455656666667600012322222110776767011211122321111211
235465656556665553324344445456666666676000122232231007777710121121221121221
2222446566566656665454333444455466566666667707122222322210077670012101021222122221
22344556655655434344444446565667666677701122332331210707707010111211121
232334666656565655654434444544455666666776760710002323222232100000710011121212121
224445656655655444344544444566666666676700002222322321010700000011121212121
22345565656655656555322324344455535676566666671000234312121107666665700111101221102211221121
223465666566566565553323444355455566666666670013322221210100766656600011111101222122122221
2222222222446666666566656653334444455656656656666600022222122211107656660002111012310221
2231222222232224466666666566665323434445455656566666666600021254312212221110076676600111001
2223223223566676666566653222234344555566566566666002222212212117675766670102100122221
243565656656656565655453334444545565666666660222122111176666667011111110121122121221221221
2223223435676666666565322234443455365555665665666670002322221212102100076665676001111712212221
22222222322335666666666666565532233434454554565656666667707101013454332212211117776666600110101022121
321222222222235666656666666566543233443545555656566667666000132322221121000766677011100122221
2224446666656665532222334434544555566666676666700132223232121101007756665657000021100002222222221
2244456666666656666565532221222232334544544656666665756700021232222211107666666566666660711111012123212222122221
32222222222221223456665666666667565546532222222222232444455565656566566666666001122232221122121177666666666576701101211001
2344465666666566567555322122222222433444445556566565666660001123222121110076666656566566670000101111123122212212221
223444666656666566666556543222222223344454556556665665667001222212212111766566666666707101110112122222122212221
232444657666566656666655543221222213213243454555665656566666566607021223212122122117666665666666760010111101222222122212221
23223244666676666566555553222222223223444445655665666657566667001223222222121221007766656676656666071111121102211222221
2222222222222444566666666665453213222334444455456556665666667670122232212211210107666666656666701111111100
22223446666666566665666654312222222233444445455566566666666676677002232322222222212110107666666656665660710110117123222221222221
23444666666666666665446546543122221212322232244445465546655665665656666701222122122121211117666666656666665667701111111100122222222222221
2222224445676665666655665532222222222344455545565656666566666660002222222212221112101766666656666757070211211211122222221
22222224446666666666566656556532222212232223444456556565656665666656600012222221222112112176666566666666700111012111222222221
22444565666666666666656656555532221222222222232222235446555656656566566666566701122222221212212117756666666666666666670101121021121123221222222221221
222222324666666656665665432332323334434454465666666766667002222322312221000776776766766000010122122221
2222322466665666656656536533223223323333444465666666666666666667700024323232222222222121707676767676676660000112171221222221
223346656656666576665655454323323333345365456666667676076610133332222212177767767707700121011210223222221221
22232222446666666665656554443323223232434444545655666666676676070012323322222222110077667666676700010100101212221
2222322223466676566654544434447076076544443234323433345656666666676677000143232232211767670707170172122221010010
312222446666566666565345444323232334334335456566666666666766767122223322222222121707777676776770000217311001222221
222244666656666654433455556566670022121217665701121122122221
321222222222446765666666653224444555656666670012222217666011111
44434324556656666600212217701121
22431122222246566656532445656656667072217001121
22222346656656665666566565653243444545565666666667677012222253222222111076666600021111122122212212221
2222324466666566665655323344455565665666666776010221222453222112117666666667012112102121312221
222445543444444555665676677700212344322211107666700111210
22345476666566666566665554322334535555556666566766770222322222212111000766556666001111111022222221221222221
2222222546656666566666545322433554465656656676666660102223222221210217666566670111112100231312221
233322221222221222212234456665666665666666666665434344445465656666666667670001122336532222221210076607701111101
22222224566566656656656656533334545556656665756770122124321221011766666700211111222221221221
2222244465665565323232444565656666666667002122223221176666700021121011
2222254565665665656565543334444455665666676677022223222211007666577011121012112122121221
224356656566565656755433243444465565566666766071023143222121217176666666600111111222212121212221
223312222213122222224666566665666656665665432334454556556656666566767001221222553222121211107765666600121110111
222322665656656666556665322333434444554556565665666666600011233222122121100000767666656567011111112121212222221
2234355666666666666666666655543223333444454445454566666676777000012323223221011007767666665670010011111123222122222321222221
22222222344566665667657553222222223334443546565656665666666667670012223221222222122107766666566576000010011122221
222222244466566656566553223233444545556566566667000002322221211076666667010001121212121
22222222224566566656666655553223233344555556656656666666007010213432212212212177666767671001011022222221
222223234456666665666655553221221222223234344454555565566566666676667000222213322122121111176657555766656666600000011110111131221
222222232465665666566566553232332434544456565666666676770010221222211766666667000111212212122221
2222232345665667666656554312222232233444445456565666666667667000232322222212111017667566666656770101010121222221
2222222232236566665666665545476533334325345565666656666670002222222212107677770717011121222221
2222224666665566754434343543456566666776010243322222100700770000123211
222222222465666665656544553323244434556666667003232210107676600001010010221
224466656675666575543433444556665666766000144322221221007707001022212222222221
2234675554433323445466556666670033212222100776770001111
222222222222446666666666665444334334445566666767022322221177770700013100
24322234666666654444343344455666667670003332222210777000000010210
222322223246666666755554534333434455656666677712332221210077777001011011
22224566665666665666754553332434444455566666676000322322211000076676001010122112222222221
223225675444334344445666666070023322100770070010
23456566565666655434444545556666676070111011212111221212221211
2244565666656665344444555656666677002134322121100075665670121212122222122121
2222446665665323234445455656656667670002144432221211117766766001212121
224456656656656666543344444455566566766700024323212111070756600112111222212122121
222346566566556532323244445565656670212211767667676100112211221221
2222222346656656656656543232233434456566666666760221222221776767770101021221221
222225456665665655322323243445465566666761022221076767700100121212221
22223366565665565322223232334454555666666660022212121076666667607000101121221
2223446566656565532333344444566666666761022222217767667667670100111233121221221
22223245666565665654322232344444556565666600122121177666667701001111221221
22222222445666566654555332232344445656656666667000223122217667700000101102121
22223465665656556654432322332343465465665666670722222121767676670701010022210212121
2232222344665665322333444545555656666667600222222121210076766676710011011
2222222444666656656565432323344444655666665676712222212117766677600100111222121
222222444665665655665332223233344456565667670022221766766760000001131011221
222244465656656553323334444446556566677702222221117676677000000112121221
22222223456666666665545532222223234344444454556665676667760022323222221100170077666666660000111011221
22224565666665666665565433222324344444545565566666666767002222243222121110100076766666667021011121122212222221
22244656665666665565453222222434443554556565666666667677012222222246665322221221111000775666676001011100221222222221
23556556566666653223232443444454545656656666666670002222432222121111007007775665560001011100212322221221
22222344657666665665454313222323334444554565656666566666600012222431222211110000776765666660001101002212221
22222222222222246566656656666665532322323243345445445655656666666666777022233222222122102101000776766666656001101000121
222222222222224566666665666666565554322232324335354555656666666666700223222312121217107776666666667012101217612212221
222224465566576666654554322222334344445445565566566666667000122224532122121011000076767656665600211010077022231222221221
231321222222222456666566666656665445532222222233244354454555565565666666677010021232465532222122101111011777666666665665671010211101170221
22222222224446556656656666553213222333444454545555656666676770001333331221111010000766666656560001070112322122122176666565001221
22244566656756766554555321222232333444454555665666666666766000022353222222212211110077766666566660010101121022221222221
222224666656665656565553231232322344545546556565666665666677011243322212212211110100766765665667601111111721222222221
22322222212224456566666654432222222222223234324344444455656656676666767000022222324322212100070776666666666666670700000000
2243556656665444331312222232233243434444545565666676667660012232223122210007077676666666566670070007170002322222121
2224455656665666653222222222232333434344544556566666666767667000022233232222222110077777666665666666007000070012232222221221
23446566566666665444332222222223232233343444445656566666766667676700023232223232222121177777676666666666767007000000102322222222121
223222222221223445666657567654344322222222223232334344444546656666666666676070002233222222222110777676665666656770000070700710
22232222221222346565666666653432222222222332343444444545565666676667667670122322223222212100007776666666666677007007001
2312322222222346566666666665444322222332433333236543444555665666666766767707002224332232222212110076070776766656607000070000021
2223222322222222234456666666766666754444322222223223323334334344444445665666676667667770002224323222232121107707777676667666566600700000000000
23222222223345666666665432322222322223333444445655665666666676000000233322212121007666676666676670700000010
2234446666566666543432222322223233334344544565665676676760701232323212121007677666676666677700700700123222212221
2232222222223446666666666534533222322322432343244343453454565666667666767677002223322223222211170077707766676656666601700017017000
222244665666566656543222324344544656565666656000222221211100766656666710111021221221221
22234666566666554432244444456565666567567601222222221211077666566701221101113122221
22222446566666665665553223234444555665666700222222110776666700021012122122221
22222446545500766656666656555432233234444454566566666676660003222232221211007776656656700102110021021231222122221
2222444675666566665432233444444555665665666600212221221100076565666711010111221221221
2345666566666666666565532222324444445465665666666667002223222212111077666666660111110122222222222221221
22222244446554660107666666667545432222234334534465546665667667770013333222221100176767566755760110110221122222221
2222222222224456666666666653322334344455556665666666767012232222212221000776666666000111121
2223221322212224465666666676665432223343454456566566666670002323222121117076666660001100
22224444676666656655545532222223244444445566566666666676701212432322221211007676665665660001111011010222122221
24446666656666656553222223434344545566666666776002233222221100077666656671010100132122221222221
222244666566666666554322232444345445556656666766767012212453232212210110777656656566001111011012222222221
22225656566656656666566656565653222222224344444545555666666677700023434322121110101076666666667000110122112123312221222212221
22246555532212222222212244566666666565323334445454565666666677701233212232101007766676770001101211
2444665665656566555453222323234435444555666666666702222222211010076766676770011100121221222121221
22345653222222212222222122222256656656665666666576665532343444545445556656666667671722213222321210100000776656760010012110211
22222243222222222134666656756756666666655533223234444455656566667666002222322121110776667700000111221
2344546666665666566665666654532222232334445455465655665666666770172333221221121111177766665665760001110210212231222122212212211
2224444666766566666656665655555322222223232343454555656565665666666666701322222212212121211000767666666566567711011111101222212222222122221
222244566656656666556544323323432434444454656666666676767000343223222222111007777767677000770022212222122221221
2321222222222222222222465666666666665666656654555322212222222232434444545555656565665666666766070223223122221212211210210177766666566565665566600011101010210101
22345466666656656665555543211222333444444555556656565666666707023222222121211210110766665665565666000101010110702122221222212221221
2243222212222222221322244666675666665666656656655322133432534354445545565565656566566666700003432212212211211112100100777666565556555456600011010210102111011101
2222354666666666656666654546532222322232443344544556565566566666666666700232222222122122112101177767666666566660011171110712122222222222221
233446666665665666656665555321223243444354354545554656566666666667770214322232221212111011000007765565565555667001010102101111021122222221222122121
2223236566666566656566575544444434435445656666677002322222100707000001011011212232212221
222233222122222223246666566656676667675565543224332443444456665666666760022222222210177776777101012121
22322445666656666566555433433434445465666666600132221210707077700001112212122121
23243212222323466665666532243244445554655656556656670003222121210212110107766656666565660001110121110
222232122232222224466666666666666556545532223434345454656566666667660713231231222210100007666576600111110110
22222222346666656666566656655433323334444456666666666767702323222222221177776777000111121222221
2222222222222222222323366666666665766567666655655532222223223234344655566656766766702223222212212177766676566666760012102121100
222222222356665666566555324334434444465667666766770022432232222100770767600011210211
2222226566566666566566554322222222323244454656656656666666767002224322222212212117767666666665666560021111100723231222122221
2222222222222222225666666566666666653223222322334455466666665666766600023222222222212176767666666667001211
2222222222222466666656666654322232324344556566656665666666766712213222222222221211076767575666565667122112110021
22432222222566666666653223223224354465556666566666667667660002233223222213122212101767666666665656710221111210
22246656566656656656553222222233344465465655666565667667072121222122222231117767666656656667121021111102321222212221
2323222221222122456656566666666555532122233334444555455566666666666666000223212222222122101001777665656556566001111100111001
222222222222222566566666665323223344445465656665666667607022222222222221100776766665665600121110
22443222221222222122214556566656665666656600755546544433344454566666660022221177070010011110111
2344655332334434454455656666767122212121007776700000111
2232322213233656666665776553323343444545565656666600212211210007676660701111011
22222224456566665665665666566544434445465556566765001212111100766770000022224312122212221222121
2244543265555432334444444556566666670001004444321221110076776000011101001
222445554433334344454565666666721212121077770700010110
224445545433333444445554665666600121121010776070000001011
22222223222446566675766554333344444445555566666670122212111010776767000021111
23310222222344665666765454434434435556667670002432210077767001110210
2222322221222222444675666666676665432222233244354465566656667667702223222221211777666566770100210
2223222222222223566657665666675432232334444556566766767767122323223221007676676666000101221
222222222222222235666665676666565532322343445456565656666676000000110001110121
22222222222313224566666666666766556532333434444556566667667676610223223222221000076666566701102111121
2222222222356666566666666543233234345555666666666767601023322322122107777667567000102222222221
3122222322234666666666666656665553232232323344565666666667676702223222223107676667667001110211222221
222322132222222223566666666666666566543223223232443556666666676766071076010112111
2223245666666665666565332323334344455665676666676777000333322322222110777676666670011021122122222221
22224465665666665675654431222221232232433444445455555666666766660001222323311210110007776665666565660700010000022222122222221
23221222223456666566766566655443222222232333345444555556666566676560000222232122121111077766666656666600001076667012221222212221
222345665676566655543222222223234334454554655665666666666767000212244322222221111100776666666666771001000121222222221
22224456666566656545432222122222222222244444444455565565566666665667560000122332222212121111100007666665666656665660000001000021212222221
22222222222222456565776566665444432212222222222324435354444654565656666666666701223222122121110000076666666556665660700100000002210
222222222222222224556666665454432122222222323344444454455556566566667667600122224322221211101000077676656655547566600101000760760701
2232222212345466666665453222232233244444554465565655666660717012224321211117177757566657710001017101
222445666665665666544545432222222233433434445455655665666666767607012132432321212121007007766666656566671001010010000211321221222221
222445566656666655545432212222232343344435444455465566566666767676000222324322222112101000007776765665665660000010100101122122212221
23245656666556665654321232232333443445445556556656666766700022224322121121100070776666565556600000100100121221212222121
222244565666666555432222222322322234443444545455556556656666676667001022333222121211101100007676766666656565667010010010101122222221
312234566665666556544432221222122222223244444454555556565656656665676667676000213233231222121221211111010766666656665656566670100001001002212212221
22222222446666565666545322222333343444454545556565665666666770012243222122121111000007607666656566000010107011222221
2245656566666755543222222223434444444546566566667666760700022443322322222111001070776666566667010011112232222121
222245556665667666533223222324434445445456566666776700001222654432322221101007076676666676700112122222313110
22446556566667666554322222222344444444454565666766767070011245333223222100170007666666666700010112212222322211
2244565656666665432222222443444444355465666666767700123322321210000077666666676000011221232122121
224465656666666533222222233234443443457001760007667566666670700011122223211
2244555656667665654433232222222434434444445566566666667677070002143343222222221000007667666676677071010102212222222211
22234556665666566665432212223333443444444455656656666677670000001222226554433222221121000077766666666676000001101222222212221
223546565665767554432222322334324344434445566566666666667677700702222366533322232212222210100707777666666666700000110102322222211
2235666566566666566553222222324343344444454656666666666760070123333222221210070007077666666666000112212222122221221
23445656566655654432222322233434444444455666666666766767670002233232232222221100070777666666667701010112122121121
2244656665666666544532222312223334445445465665666666667677001243323221222211010007666666667677100011222222222211
222466656566656665666666566656546532232323434546546655666566666767001022453223122212121107766766766171121021121222222221222212222221
2223256656666566666656666656554323233344445566556666667660000243232122212100077676770101211222222122221222221
222255665665566566666576555332333444454566556666666666670012243222221221111777767701012172122222222122122221
2231232445676666666656555454534543455456666666667701022443222121000000117101012121222221
222223234507655543333434444566676666667701002224532223217770770000001
223456666566654454600755453433343244655665666677760122231217077000011111210321222221
2222223244467775665565475454653333334345565667666677601323222222177767770000010012233101121
2224432121222221223224446766666565655560077544443434434344456566766676677000122453232222107070007000000101
2222222222223222446666666666665666653333344344546566666676676777770023323323232222100707676676660711221221221
22223223357666666666666566675456676553233223323344554666666666676677717122443323222221007767676760701112122212222222222221
2222224445675666666566666656665432324324334465456656656666666670771002334322222122211777677666676000121112212122232222122221
222321222222222232446666666666666566666553222322343444444654665666666677607607001234333322312121717776666766667501010221212121
2222343431222222222232232456676576666566666666665332324435444565666666666777002243222222211077776607666011171022121
22434322221222222444666666656666653322433444455566666676777022332222121777677677000011121
222432222221222222222223245666666666656666666566666532232323323343355556566666666776667707701700125433433323232222212217776776676676700000112121
2222246565665656565666675445433434454545556566656766076000011022246554433222212110100007566666172121102102221121221222121
222246565656656665553434444455455566666760710124443221101100076656000210111131221221221
2222224665665665665656656557655433334344546565666566660012221312117777666600110121021022222212212212221
22222456665665666566656656656533233334344556566666667660001243322221117767776070101221021222212221222221
23222222222222222346666757666666657545434445453456666666666660770101443323222221210000756656660121121221000
22231222222222322466666666666666656532344444443245566666666667667676700232232322322221210000007666665666601112121221
32212234666656666666666654667566533232223324443212545565556666667665667667070000110222343243243322221210007767666767171022111222222222221
22312322222223246666666666536666533224343354354566666666666766770000002333332322222211700776756666661111017121
222222232222223225666667666666545655322222222232324445455466666677666660000223233222223110177667666666666660012111700
22222222222222324675676666666546665323323434343544466667676666666766607011122333233232222100707777676676012211
2222222222222246666666656666666665653223232323332344454565665676676667667000223332222222222121777677767676676001022222221
2222222222222224666666665656665322322322333444324566565666666766667607001234323232222222122170707676767666666660021101
2224444565655655655455667544443433433343334456666670760017070770007000010223310010111211121121
222344566565665565565566653443443444344434334433344666667667777000223107000700070700770700213343100111112112121221
31444656566565665676544343443434333434343444666757667677000001243433217070770700760070707001224331002122122122221
2222232222346566667566555432231232234444445556566666666676010223322222121000007567666666000010010121
223222222222245566666666555432223444445455465665666667650701222323121211010766667600101010011
2223122344566666666554432333444455345556566666666667002222322222110010100756666670011100001022221
2222222224456666665665544532131323154344445454556666666666667122222222221101000076665666670010001001022221
222222222245566566666666654545322222243443544465456565666666666676671760212433232312222112110000766666676610101010011222221
2223222222222224465666666765554555322322233444444545545656666667667676777122333323222221110110000775666666670011101011000
22222222223466666666654434532232433344444456566676666601222222210007767666700100000001
222222222222346656666666654444532323244345444555666666667012232221010000766676000001000101
2222222222223246666666666655433223334454455465665666670022222211101076766770000101
222222322446666667565555434443323324344454565656666676000222243121121777767670000070010111221
222224466566665544443223323444445656666701023211776676670000000002122221
2222222346666665665444432334344445565666760221211007676670010000102221
222222222224656666666554444333344444555656566701221211000776077100107121
2222235656666565544322333454455656656667022122111176757007100001221221
222222234666656656554433234345446556656666600221312121007666070000001021221
222222245666566656544433343445456565667012221107076770010001221221
22222222222246566666566544443323344444554565666670002243117321000076561770000010001
2244657656665453454323435444556666667601231221177650700010001001222222221
23322323222356766666675665546545432222233344454545465566670003211110107666666660000000111011002221
222222232333232466767676667566556546545432222222243444545545555655666700004321111211101076665666670000001101121121
2322222222232232357666666666576655553223234344445455556567660702222111101767576070000110702221
232232323466766666665665655543132222233434454455555566700022101110176756666676070010111121122221
22232223223466667666656555555432212222233444445545545566607002211011107665665666607000010111111121
22222222322322232322346675766667666766534666555532222223344544666666007666576000010111121760021
2223222322232322366666676666666654555432122222334444544545555666670003221111010075666566700000001010110
2222222222223232232324476676676666766546666554544322222323344444454455555666607000331111010107766666677007100001111
222322232232234676666666654665554532323233434444555565666660700331211110007676766700000110121010
22222322333434677676766654466654555443122222222324344454555556556670111121102107666566666667070010101011112210
2222223222131222233466666666666666654433233233243444445565666666666766670222222222221211077776767667665660001211011
222222222322233246667666766666665755543223232323334434444455656666666666666770001767022323323323222222101070777767676666666660021112111311
22322222122222466566656656556656532322432343445455656666667677070012353332312221021077607667666660012121121100
2222224322322122222232446655666666666767655465566653223232323225324353465656566666666666666676100021222221222322210767676676766600012112210210171
222322222222122236656566666666666554332332433444444554556666676776600022222222221100077677667676001212111
22244656566665666656665665433233343344445555656666666760000024432321221111007707767665667011112102121123322212221221
2222222332466676566566566675677543556655322322323323343444545565665666666666677676000012212222222312231310776767666766676710121112112221222122221
222232222221222222222245666656666666666666656654323233333443454445655666676677000767002443332323222110107077076776666666670112212102221
222356566566566546566657553233334344454566665676670010110221776770112122121122221221221
23122232222223356666566765565656553434323334343445556656666666666666676600001222222322222222121077677777656600021111121121071
2232566566567666676546545322222224325355454665667666770223222311110766666766701011112222222222221
222222222222246656666666666666656543322223233444545565666666667600232222221211007766666766700111022222221
222222224566665666665666656543323435445556666666700223222111077676700111122132122221
222222222244656666666666655655655323433434455566656667700012443222211077076700001121211212221
22222222222222446666567576665665655533222334455365556656766700712433222111107666767000111122121
24456665666666656533233334454565666666760001044332221210076776770012121222222122221
23232222222212222222446666666566666666667554433232324344556666666760722322222107676767700011110
22222224666566656553222123244444554555666566700213211211007656666600010111221
2222244676556665665443222224444445454656566667600013322211101076666667010100212221221
2222224556666665665654532232334434555545466565666665666677660701224322322222121212111107076666666656701121011012122212221
23322222223446666666675654322232334344454555565666666667767770710324343232222221211110007666675666670110101111
2223256566666666666565532222334454455465656666666666767070122433223222212211101776666666600121112112222222221
222222222222322457566667567566565322324325444465456556665666766767770001243343222322221121210077766666671021102121
222222222222222222235566666666666666656543222223233344445465565665566666676666676770002233232232222221222121010077666666666660010110110
2332212322221321234466666666666666667553222233243443444454556556666676676676700122332322322221210100707076666666566601021011011
232232224446654434444444445565465666666666777000123333222221211100000700766666567010101221
22445665666665444444455545656656666666770122322222221210210000766665665660010112135321002222222221221
23122222224466666656656532322234344544555455665666666776770122243332221221111001077666666656671111110211
