243445545545554445543222210010111222243434445556566666666666677000001001101001110111
2244445545445445444433223110011112224324344444456666666666666667677000000000100011001101
224454544545454543322210000101212324344444465566656666666760700001001101011010
2344454545545454322211010211222343444546566566666666667700000101101011010
244345545545445545322221000111221233444455565546766666666770000110010110100111
2344445454555545444332221701001112122232434344454566566566666666677770000011010110100110
234444545454544453332110101212222343434456656666656667667677000010001101001010
22435445445544545544321221000101121222223344444565566566566566666667607010703110110101010100
224454454322222344444565666667770010000100101
22444554454312221223444546566566676560001000001010011
2224554453222223444456566667667001000010101
22444544544431212222232444446565666666677000000000010010
223454455432122222344444456565666666770000000100001101
2344544453544312122222243445455666666667707000000010001010
2344554454443122222323444445666666676777000000010010101
222454554431222222343444556656666676707000001101001
22244545553221322343454656566666766000000010110110
222545545543122123345455556666660700001010010111
2244454554453221222233444545666666666707000100001001101
234465545544543111222222334545565665666677600000000110101111
222445654545453212122344455665666660770010101011011
234546555454543222122232444556656666667070000010011011111
2344555454312122223444456565666676700710001101011
23446556554545433101211212234454546566566666777170100101112111
2224456554654554431102121222344445655666666667000000001111111
2444454554454431011211323444445456566666667700000001011011001
2345454545454444331010210112122344344556555656666767700000000000111011
2244554554545453212122132444445656566666670700100001101011101
2224455654532122234444455656666667660000210100110111
2244455545444310212122324345455666666667707000100101011
22445455445444311121222334454556656665466600700000000101010011
244454555455444311212212224444455665666566760700000100101101111
24344434444344311212222322334444445566666666676707700700007000070001
234344444443431212222323233444445556666666766660007007000700000000000
2344444444444443434310000002122222322233344444545666666666666767770700700000000000001
22344454444444332122222232334444555566666667670070070070000000000001
2224444443432112232233324344456565656666677770070000000700000
23444344434431121222223223334445554556666666767607077000700007070011
224444434444432121222222233444455565666667667070070007000070001
22444444444432121222223233344446545655666666757070000070007000000001
234445444444434310211221222223333444445456556666666666770707077000000000000011
224354444354343222222233243434444455566666667677770000000000000000000000
24344444444444434332101011212222223334434454454565666667667667677707000700007000001001
22445665655554544331011112212234444455656546676766070701010011121121
22455654654322122223444445555666665346707007000000110111121
23465655655553212212233244445556666666670000700100112111221
2235656553222123434455556657546760070001011011121
2235555554555454544443100101112222344444454565666666777000000001100121011111
2222465656656555544443322100111212222223434454565656656676676767070000010211211221
2244555454444431121122224344544566566666554560100107070000100101011
22446565545543212212223445455655466677607000010011011211
2222446665655654554444311011212212334444556566654667677600000001101121121
2224565554554544444331021012121222244446555556666560767700001710011101021
23456555655654554453310111021212222243444555566656567666777000100111111121121
23437656565565455321221222222344444555656666656677070000001011121111221
244555455555322122223244444555656666666700007100010111111111
2243545455454545443210011121223224344445456566666666666707000010011010101100
2444546555554545431211222223434454555666666666770700100010101111110211
224454554545454312121222334444454656665666676700000001001011011001
244545445544545544311211222123344454556565665446666700700000010010101010101011
235445545455443222234444444546556565666676070100010011101101101010101
223455555465465455454431112212122222334354445556656665676665660070070000100110111101211101
234454545455455454554545443101011102112213434444454456565666656766760000001010101101011011011001
22244556555555543221222233444545555665666666667000000010110111111021111
2244445455455545555455454544322210001101121213243444545555566656666667607001000101011101111011010110
2345455554554546545454544310111112122223444444655566565666766770000100101011011110110111
224455555555555554431112122122122334544555656665666567707000001001111021111111
22244654545545534431221222433454566666546667717070000001011001111
22355445554544443311212323444455324656666777777070000000010110111
244445455545444431021222122334435456666656666777770000011010111011
23344476654555444444433121121222434444546566666656544445667000101100707007000010110111021
2444445544545544544443112212313345444565565666667660700000701101001010101101011
224445455455545454543112213344445454566566767700000000010101101111010021
222445655545455454454322243353544666676670000000000010011011011211
23445555455445444321212222333444655656765466670077070000001010110111021
22244444554545554545443102113213344545565444666607767700000001010101101110100
2244544545555532223444445545656666770000001001101110111101
2244454454555445443122213443445565546767007700000000101011100101
234546545545555555555555343221000021122223434446556556666676677000001011101211121101111011
2223556555656546546555655465555533221111222223434445666656666766677700000111111121112102111211121
2433455545554654555432122233334455656566666666667700000111101101111101101101
224445545554555532122234435455656656667576070000110111111111101210
2244544554455555555556555533222221100010111022112433444354455565655666666666667700070012101111211111111002100
2223446655555555554555554554323110011121222232434354555665666666666767700000001210111021102101121011
22445455545555555322112233344545456556656665607767700070210210211112102101211011
224455455554654555555455544323222100101121222334345455565665666676676670000000101110111111021101111
223445454545555554654554322100111222344344545666666666677000000102101111110110100
2244455554554545444433210111221222232444455566656656676677700000000101101011110
224445454554454444332210011121212222344454555465656666666766707000010010010011010
224445455554554444432211111221222344555565666666666670000000001011111010
22445545455545454433232211111221222244454565466566666666766707000010001110110101
2244545454543121212222233443545565656566667667000000010100101100
24444454545445544453332210001010112122223344444455456656566666676767000000000101010010101
235454654555545544453322110111212222232445554555666566675767677000001011002101111111
224445455455454454443432211001112122222234445546565656656666666707000070100101010110110
24445455655455444533321101111022213224344555565656666666667700000017011210111011
2244545654545544554544431011111222222223444545656565665656677700000010001100101110111
2435444454544544545444444332210000101221122123234444445456565656656666667670070000100000100101010001001
2444455445454545454544433322100010011122122123234444455556555665666666667707000001000010101010110011
2244444545554545544544321101101221222132444454554565666556677676070001000101010110210100
22244565555455454532310102121221222323444655656665666666666077010010010111111
2222455565555545444433101111221222222233345455756566666665756767770010001001111111
2223456565555455455444310022121222122233344556656566665666767600000001001101111111
22244555555455457001011011101
22345556554555455444443321010212122122232444445566566565467667676007000000101011011101210
22445654555545544444433221001112112222222444454656566566656666676701071000010110110111
22245465455554545454344332101010111212223212434454465556566566656676760070000100010101011101
222455565455555545454453332101211212212222223234444556566665666566766667677700001000110111102101211
222445555555555545444431001021122212222222223343454556566656666566666766677000000011010111111111
244455555454545444444433100101012122122233344445545565656566766777070000000001001101110111
22345545455432122122222344354455655656665666676070000010011101011010
2345454555555465454432102122121222212223223344444554656566656666666666666777000000001010011110111111
2244454555455454554443101111212122233434445445565656656666667070000000010001101011010210
22454555545444321001122223444555656666766701000001110111
24445455545444433222101111223444555656666667677700010101110110
244545455544553321011112244354556566666767000101101101011
235555455443121022122444445565656676707010010011111
2444455545545454543231011121013334454556566666666770000010110101101110
225445554545545444332211011221243445465665666666767007001010111011101
2254545454545453221111122444456554467666767000011010101011
23545545545544432211022112344545656566667670000001011010111
24445545545454443111121122444455565666666770010010101110101
224454545554545544332110021123354454565467766677000001001110111010
244455545554544311112102234445556556667670000001101101111
225455545545444443101011122344445455666666777000010101011111
2244545545554533111112123345556565356776670071010021101100
222455465454554555455443210102102121022322344455465566656666666677000100210101110110111
224555454545545453211021121212344445555656566554366546000010707001001110011010211
244455555555555543111112112122434444544654566566665666700176001101011111111111
22444456554432222234544455565565566566666700001101011101110111011
23444445007655555455554554545544443212211700100100111122323344544554565555656566666667000000101010110110111102111121
2222465555432212244455556556654566000701001101110111
22222466555554555545431111222133445456556566556676700010101011011011111
22445555322324445465566565546567777000111110211112111
2345555555554554444321101112122213244555565356666666666767000100110102101111121
222445554555555454544322101111022122223444555565566566666767700000101011211010111
2223545554654555554544311112122122224445655465666665666776000010110111111021001
22235455654555554555454321112111221222344555456565666566667760000001101111011111101
222455555546545545554311111012112222444454546565565566676670000010101110211101121
22355555465455545545543210111111112212224354555554565666566666677000110101021011111111
2235555546555545655454321211101112122222323455555656655366667666666767000111101111111021121
23455555555654555545545321211211221222244454555555665666676770700000111011111111102121021
2224455555545555431111212122324454554565665565666607070100101101110121110
23455654565455454555431121212222222445545466566666666660700000101010110111121121
222444555455455453553211021211223334444555655665465656766676000010001100101011021001011
224355455545554555545454553432101102111211212222344455554555665566566666666607000101010010101021101111101011
224444576546554555455555455554545555445431101110211111210112121243444454465555565566556565534666076760000011010111010021110111110111102111021
224445455465455545554555454554545544543210110111111121121222444444554556556556565566666666000001001010101011101011101110111011101
343455455455554554555555455445454311101101111212121223344444456546555656565666666666660000010010011010111011111011101110111
22244465456545654565555546545555555455544532222211010100210112112222324344545555655655665656666666767000000011021011011102110211021110211121011
2234454555555456545555555554311111211221232344454455556556656566666676707010010110210111111101210210111011
224445454545554555431222222343445465566565666666666667001101011101111101110101110
224455546545555535321210221212343444455454656556666666666666600100011101101101110111111
22545455545455454554553211112102222244444445554655656565666656670110001100101101010110111011101
24444545544554554553555321212122223244454555545655666666666607565661011111101101010110110101011100011
25355455555555455453221212221233534445554655656566666666666666660110111011101010210121110111111021
2344655655455555546545554555545431111112111222122434434545456556556666666666666600001001011010210111011111111111111
22345454545454432110112222434455556566666666000000001001010101
23244444545545544443221121224344454665666667677070071000002101010101
223345453222324444466532656566666670770770111111011
23455555554554321121212223354456556556676677700000011011111121
224354455545455454321021122222244444466566566666676677001100110101011101
22244554532334444465665666660770001011011111
22445555555554311221223344545556666666677000010111101111021
22444465455543212222244445546565666666667000001011011111101
234454454545321223444445556656666770000000101011110011
2234444545532234345444456565666667007000100101101011001
22534445455321323444454465666667660760000011101110110
22355554545545454311122123254565656666770001011001110101
2245555465455555465445431212122134456566566667600000011101210111102111
22455455555454444444310121102222444455655656667770000000101011110111
2445554446544322324455556566766600001111107110101121
244455545555554555544544321101211221324454565656566666760000001010110111111110111
2344655445545554454431221223344556656666770000001001011010110101
24455454554555555465545431121221222344455565666665322466660700707010101121011011110110111
2245655545555554322222213344456565656666677000000110111110111121
2444455454554544554433231000001222343454545666676677000000010110011001011
23454554545554543212222222233445556566666666767000001001011101010101
224445445455454554444431001102122222434454556566666677700000100110110101000
245545554554544544444311021222234445655666767607000001010011010111021
2445545545555443212222232344445565665666677760000101010001210111011
2224445654555554555445331002112222222334444655656666676676700000001011102101170211
222243545465455545545453212122223334454556556667666770070000100101001111011100
23445455555555554554443310001021221322323454555565666767667070000012101111011111010
22454554555455455454454431011112222234344454655665676667607000010010011011101011101
244455555455545554543431001211222222444445656656666676707001001110102110111011
2445465455555554322222333545465666567607070010010111101111111
2444554555455545554322222223434444556565666767760700001011010210111011100111
23445545454443101012234344456665667770000001010110
224444553222344445565666770000010101001
2244556545554532122244455666760700010011101211
22445555554543132334455666666070000000101111111
223455545543334445666676710000111001110
2344445544544532123243445565666666700000001100110010010
23445455455454532211222234344466567566776700000001010101101
2444545454432133444555667607070010010101110
2344545322243444455666666777000101101011
2433466545455323334444556666767000000000110101111
243454444543221223234434566566666666770000010000110100
23454554545443122233444566666666700007100101101011
224456555555554312232334566666667070000011110211211
23444555455545454453210112212212223433444554566566665667677607000000001011101110110
224444545554554544544321111212212222344354445556666666666767607700000101010111110100
224445545455454543121221222323444445456566566656677700700000100101101011011
22244555545554554543212221222324434454656565666666667670000000101100021101111011
2244545455455454554443211011121222223434445445456665667667676760700001001011101101110
224445565454554545454544431102121212221222333444445466666662212101767567566565432326666666666607000000101010011011101111
222244455556665565545455443212122222233344545465566666666667707000000010110002111112112110
222454544545454544444311012112222223234444444555656666546667770770700000000101010011010
22245554554555454454544443111121212122223244444455465656666665466770770070000010100011101110111
22444455654445544432112222323434444544556566566666677007000000001001010011011011
224445455454554544544343110111212122324344444654655665665346667007677007000010001010101101101
223454545555354431122222132324344445465656666556676770770000010001010217210110
2245454554555455545455322110110110212223344444556556656566666667700100101100211011111101
222244654546555453212123434544565656666666666000711101110111021110
23444555445455445454544532110010121122123344554555656565666666700000100101010110001101011
235444554545455544543212111011122224434545655655666666666770000101021010110101101
2345455545554555454431111011212222344545446556566566666667700011010110111011012101
2224555455455545431121222234354465665565656656667670011011011010111110111
2345545545554455545445321011110211212222234445455655656565666666666070710111010011110010210211
22445545545554455543231121122102334445665666556666677700010010111011010211
2235555545555465443121122122122234445555465656666666667670000010110111102101211
2355554545455455454322121012111021222234344555655666555566766676670000101101001101111211
2244545555465445432111122232224445465655656566666767000010010110101112101
23555454554555445532111212222232343444455665666666665667707000000101101011100210121
22223565554555465454554544444310111012112122234344545556565665656766770700001001011011101111110
222244456754555554545544532112112222234344454455656566666666760700000010001101011011110211
223455655545554545545454544431001111112112122233444445465446566566556666766770071001001010110110101111121
22444545465455554553221222222324434544455655665656656666677700010101001011101011110111101
222245555555654555445444443111021112122222223344445455556566566666676676070707100010010111011112111
22244444445544545545545445432101111211121212324344445555465565665675666777700000010101011011010010071
223444654654555554533432100011222222232223243434444546656666667666676767607607000000100111111110
23454456555554322123222324344444546656766666767077000000110101111111
22444566545655465453211212222222233324534455566666675075767767601700101101012210121
2224555554565455454544321012123113123313224434446535665666666666667766770700000010111102100121021
234465455455453212222312334444445666567666666677700021010002101010111
24446555654556546570210100431001211121
2234465455555554546532221212122222334445555466556666666677070000010010111011111110
23444546555555553212121232344444655665566666677600000010111021102111110
2224445555555475443122221222245344556565665667666760000001101101121101210
2235466654555654322212232344455566535665666667766000100100210111012112211
2244444455545455454554431011101022222344445456556565666677701001011011001110101000
224445555554654544544432221101210122224444546556554656660776707000010011102110210110
22225554544555455545454543322110101121112222344445546555665656666667607700101010101101101002110
244455455545554555454544333221001111111122234344555465565666666666666707000100110101110210110021021
2224454554555455455454554545454660001011010110101010111010110
22455455554554545545544432110111110110122234345455545654656565676676000000011100111011101111
22444555546545554555444543211101111021122132454545654655556656656777001001010111011102101110
2224555554565465545545432322110111211112223354454565565655566677667607000010111021111102101
2224445454655455455545454433210111121001112324444455456555656666666770701001010101111110210701
2234555455565456544545432311121110212212344455565565666553366670776670000110101021111111117
234545455545554545444443311101110102213344545456555356666766770700100010001110111021010
24453465445455444554544332111011112244553556555567667700001010010101010100011
2244455545454554544312110111222445455555666666707100010101010210101
23545545554545321112234445554556655466770000010101001110101111
22245445455454454445443221101123445446545446600766760070100001010101001010
22445545465454465445454322211102112123454554656565466766760000001010101101011101
223444545545454544544311122233444455454656656666770100000100010101001100101071
2244545545545432234444555566654661760000101010111010110110
222454554555454545332211112222444455666566546601776070001001101110101
2444455545455431234444444566656666000700101000111011010211
2244545554545554432211212244565654660766670001010111011101
2243454654555545554532112234445455556566666070000010101101110111011101
2454555555554544545444311221322334444555565666667777000000101007110110102110211211
22445455555545554544311223223434656565666665600000700100101011110111111
24455455555545555545331021212122334355656556666566707071710101101111111011121
22244565656556545455431212233345456546566566667700010010101101101021121221
234565555455554555453211222222334445455666566656757600000000101011101101110111221
22245556545554555443221233344444554665566666677070001100101101011010111121
245455455545454454543112122344444454455656666660000000000000101001010101111121
2243545656555656556545654555454535331102121223334444655665666566776007000000100110111012111121111211121
2234556555666656565555544544433211112121223234343545656666566666666660007700070010101111122121111221221
2234465656555545545454544321111121121223444445445555656666666670070007010000101101111112121
2244565654545332111122132222344455656666666666677000001011111
222456555545445433101021222123234444556566656676670070000010011111
2356556555554332321011122212232344545656656667576676760000011011210221
224556555554544332111111212323244546556656666666667600000001101211121
2445555554545443321010211222222344454656566665666076600000001011011111
2236556555554555443322121012112121222222233544656556566657656666667666700001101111110211
24454655555534432211102122122223344466546566566666666767000000010212101210
24454654554553322231101102112212221343445446556656656666666667676700100102111101
244556565555544332121102121222232444444565665675666676767700001011210121121
2445556545554654443111121222222222344445656566666656667670700001010111112111
22444546545555544332100102112223132433444565665666566666777000710001110211001
2224454554654544554454444332321070010012212232334444455565666666666767770000001010010101110101
22345456555554554454311112121222333444545566556666767677007001010011101111210
224444545544545454454431122122222334444544546656666666676777000010010001100100100011021
22444454555554454545443102212221222324344445455656656666666676707001000010101001011001100121
2445455545545455444310122222234344445455666666666770000761100101001101011100221
2224466566555544544533112212212232234445545456566666677777700000000101011112221
22224466655556545432222122323434445545665666766767770000001101011112211
22356555465454554544455433210121122222222444444544665666666677676770000100001101010210211021
2255446545554545545454323100021112212222343444545566653224666666777666767700010110101101111111
224446555655654555444443222121222122323444544566566666767670760700000000102102111211210
222444446544545432222223344665666666766670011000011110017
24445555455543222222344566566667670000001101111111
2245455655546535431212222324454566666666660707100010111111121
2245545445544545454321222222234455566656667607000000001011010011101
2244554445445453222323444555565665466677000001010101100107111101
224445444654545543122222233244445565665666676767000001001011110101010
22454555545544432221232235566666665546600010700001010111111
22455455544554454433122122122222356566565666655670770000010100101110211
243454676554322222232344455565665666666600070001001110121121
2224555454454544443112222344456566666760700000000100110111
22444554545543222223345545656666677000000101010111001
22544555655555555444321110211212122323445555656565566676677700171101111211111210
2445554555565454555554444332312112111112121222232444454656565665666665446660766766077000010101111101111111111
224455455545554545544432221210111117221213235445555655656534466607765676070100001000211110111011
22444545545555555655445544445331110111121012222234445545655656565556767670701000100010111211111021011100
224455565465554654544554454431021111102212222222224454455565655656656556677707000100100010011111121102111
2244555555456546554545434331010101111121122234344455445655565665666766777000000101111012110211110
2254555555655554545544443331012112111112121222234444455545566565665666665667076007710000100110112111112111
22445545445444331011122223343554656666666677707001000101011
2244555555444434321001122122232444554656566666676777000017101101121
244455454545343101222222343455656666766767000000010110111
24445554554544443110212122233444555666666666760700000011010111021
234554554545444321121212222310023446654545466566666655567010000070010010110111
24444655545554554544333221070101211222222334444555656566656666676707070001010111011111210
22345545444544453332100011021222233444445565656666666677070000001001001010
224545654554532112212223344455656666666546700170000010111111
223565555455444311221222323445555666666676700070100010111121
22244655555454311222222244455566566766707001001011111
23455465454444331111122222234545456656666667677700000110102110
234454654454444331210022122224444655565666676677000100001011010
234555454321222234445456666666770000000110111
2232233344444444431022122222223233444445446666666666666666666707000101010000077667000
22343444545454454533221010111122234344444545566666666666766700700101001101000071
2234435444445444454444332310000001011122222223244344454654655665566666667676700070010000100010000000
22344344345443212222232233343100024444554445455546566666666666760777000000010101000000170000
24334444444445454454443222310701000121212222232433444545465666666666666666666770000100101000000007011
2223443444454454554543332223217070000101211222222322333434445556565656666666666666667670700000110100101700070
222343444444544544545433232100001012122122233334434454656666666666666666666070700010001010000000070
234344434544454454554453322210000011122223234444444546566666666666667670000001010101100000000710
2234434444454454455444433221707001012112212223232334444545555666566666666667660770000010110101000000771
22234655566545553212223444454656657666532666701000171110111102111
2223446665555554312122233444454655656666777000000100110111211
244455555554545444443121121122134444555665666565600007000000010010111110211
2344545455454454432111123444455656667670700010010101011010
23445656554565455543222244344445656665666700000010001101111011111121
22243444607665656555654555454544444321011211212243444554555665666670770000000001101011012111212121
22445555565545553212122222224344555656566666667667000010111011121012111
222224545555543121223244354455656566566677710000101110111000
22444656555555545321121222224444455555665666677000010001001111111211
24445321245665567554555454443101111212222344444556565665666607070000010101110111111
244456655455544554444311121212232433444465565665666676607000000000100011011111121
23554654545321222223435456566565666666771711001011111111
22445555555455431122122232344556565666666676700000101111111111
224445545545322122322434556565656666667000010010110101110
235555545545554532101111022223244446545665666666667071100101111101121
224444654555455544545433222101011121222232444556556556666656667670000000101010111011101
2243565555455454311211221232444546565656666667670010010011111111
243544755465454544554431011112222223444556556566666676070001010010111110111
22365455555554553221122222233345556656566665667670000100010210111111210
2224555455565454455543112121122132233544555666665666667777001100101111110111
2345445454543121121122344455465555666666770000010101001101
224445554545454444311112122132444445556656656676770070100100100110111
22444655455545544311212212344545556566666707000001010111021011
2244355454554454454431111112223445455465655666766070000100010011010021100
22234665455455545431102112224444445545655656667700000001011010111110
224454554555454311211222244555565566666700000001101111011
2244445455554312222334556565666556600700010101110111100
223444445455454654545431110211122244454555555556666677000101001011101101010017
22354545655555555454432100112212222334456565656566667670701000111111021021101
222344467655565555655321222222222434556566566566666667071001011111112111211
224454655465455545455443432100000112122123224444456556565656666760700000010011101112101021
23544555554655532212222222223345455666566666566666776600101011011021102101121
22245455555554555545443321011112122222344555566546656666676700000000101110210111111
2224455555555555454543121211222223244445655655665666666707000000110010210102102110211
22244456545555432212222243445655656566666770701001011021011011
2224455555555555443102122122223334445565656666666667770000101001111111111
222354555455545554322122222222432545565566566666676070000010101021010111010
2224445455555554545321221221322234444565566656667667665600110000010111011111001
2444534075444445555443111102122344345444565666566667607700101001110010101021
22444545554545444555654322110112212223543555556656666666770700111121071001110210101
222445454454544532110212343444465455656666676660000011011101076501101021
22454445455554654465454433331101011021012212444345454455455656666667760770700110100210101021101100
223453446754555454321022343444535465465666666607607000001121010102101021010
22445665444545454555655454432111110210112122333554444456556666666666666670000100210111110110110111
23455444454555554455454532211101112112244434455455566666666676670001101010101011110100011
222444544543665455554545432221101011212223444454554656656566660776700100100110102101100010
22444455454545454554533210011112110213243444454655565656666676677000110011010010110101
244455454554555456545433121101210212234445454555656666766707070101102101101010121011
22445454654555453655545433111011111112323444545454545566666666766070700101021010101011101021
244455544545431210222334445444555565666665666600007001111001100110110211
22444355356544545556534432110021111112234344545445656666666666666000700101110102101010010
2224345665432223344655656666666700001101012101
24446555555322213222244446566566667666600170010111112121
2224545655454312212222224344545656666676676070000001111210
22245455454431222213232434556665666667676600000010101011
22244455654554543122222223344555665666666677000000010101011111
22244555322232232434546566666666677560001010100111
222444556545455443210212221221123335544565656666666666676770100011100210111
22243545555554532212222223222334456556656656666666766700000010100111011101
223454554554553222222222223444455665666665667667600000001100111101110
22244455554322222232444455656656666667670000010111011011
22223455554654543221222324344454656566567666770000001001010101101
222445554654532221231223224444546566656666667670700001001101111
2224455554555431221221232234345566566566667666670000001101011111
224444545454545432112122233444455455655665465607767000000100010101001101011
223444554454554311122122223444545454555656566666667700000001011001101010101
22244445545454554454431010111212122344444544555565656656767700071000100110100110101
2234455454554454545443111102121222344444454556566665656707770000010010010110011101
22244445454544545454443101101021112123244444455455555656544667777700000001010010010101010
22344554545454544544543210211122122234444445465556566566666670770170100100100101010011011
2224444545454544454545445321101111100222212313134534555556556565656666666670700100100176601101011111010
2334544544454454544310111211222232434544445455555656566656676700700100001000101001000001011
22344445445445431111212122334445454545655655466667666770000100101001010010001
232444545454545455445443210112112222223344445454555565666666666677670000010001171101010101001101
2224444554454543111212223444444455465565566554456600000000701000000101010011010
2444554455454454544311102111212233443544455555656565665446670077000000001010010010110011211
2355456545455444444332232121210076565466711021222222344445556565666667667070700001010111110211
222455565546545532212223334454556566656667677000001001111112101211
224554555555555532122122233444545655666567667700000001111011112102111
23654000
2444554545445544543122112121212234443455565656656666667677000010011001011010111
222455445454544544454312112122223344445454655665666667707000000000010010101001101
24544555445445532111122223434454455565666666770700000010101010101121
2224465445455455545453212112212344444455546655656666667700000101011011010111001101
234545554546545455321212122323445454565566566676707000100100111010210102110
22445455455554532221223244455456556666667607000101011011011102110
222545454545545454321121122233444544555656566566776070000010101011010011011
22254555555454553211212122234445454565656566666670710001001101111021011
224455545554555454554431021121211222224444546555656566666667770001010101110110111111
224455454554545544544454431101121212222434454555656656666667700001000011001011010101101
244455454454554544532112121222444445565456565666666700000110010110101010100111
22444655455545555554545444433210111012112112224444455455655656566766760700000001011011110211011101
2354545545454545445545454332100210111212222434454544555665667667667770001011010110010101011011
22445545455455455545454545454332210101111112122222434454545565656656665676676070010001011001101110111001110
234544455454554545545455443111112122224334445545655566656667070000000001011101010101101001100
224454444554454545445454443321111011102111222244544546545465656555667677700000001010100101010001100
22445465455455455445545443121212223454445565465565665660700100100010100101011001011011111
22445544554555445454544443111111121222334445555556566666554434660000000707000010010101010110101101
224444445445445454544545454545454311110121111122122232446677556556554555432212112112546545655665356666077607000001010100101010101010001000100
22245545555455455454545454544444322210101111111211222244454454655455656555456660077677070001010010101100111011011101
22244544545444444312222222222445455565665666667600000700000100010010021
224444544454444443211222134455555665667070000000000001001001
22224544454445432223444545555556666700010000101001000100010
222225456545545443122223244446545656566654567017107100001001001010121
2445544555454545444443121112212345455656553221465666660076760000000001010100111011221
22265355555322222223353454555565656656666700007100100101110102211
222224565454445445443122223224455556566666676001000010010000101001
2223544554454455444543111212322444454555655665676700070001001001100010010110
23224445455454444321232444455455654465677600000000001010010000110010
224445545445445322244545555670760011100001010100110
2244454554555455455455554544433110001101211212455455545544554666767700000001011101101111111001011
224444545454555454554545454544544431001010112112112222343344545455555656566566666767000000000010010101011010110101110110
22244544545554555555465454543433111102111212222334445455655656656654456770077700700001011010111111110110100
2344545455555455454545432112112221323444545545655665666767070000000100011001111011111100
222444444454545554545555432112212222333454455565565665666667707001000110010110111101100000010
22434454554454554545454544544443310010011101121122324344445455455556546567676676070000000010001101011010101010100
2235445555545555455454545444311110111111221222334435454555566666666666666666070010101001011021010210111101
222555545545455454545444333222210011011111222224434455545665655666666666767070000100010110110101111
2244555555545554454544545444444322211710000111110102222223454445545555655655656666767000010001010001101011011111101
2225455555555555555545554431011110122222345445455555465666667700000010101111011111111121101
222244756565555556544475545554555445454454343321000011011112112222324344545555565665566666666770700100001100101101011021111111112121
22244565455555454532122223344454455555555654676676000000001010111010110111101101
22455554555555554555455544544444433222100001011111211021222234344545455465565656546666566676770070100001001011101111111021111011
2222255666554654654654555454544534310171102112121222223234434455465565666655666766777071710010011110111102211021
2446545554545532222323345455455565566656767000000100111011101101111021
22244565555655555545545432222223233444545556556566667657701071000100110101101102110121210111
2244546544554554554532122222222323334434544555656565666666666677700000000101010011010111011021010
224455545554555455322222222223343434444544565655666666666666766700710001101010011010110111011111
223456555554554554554323132222333443445445556656665666667666707000000010101110011110110111101211
22244654565456545454322232233244344445455565666666666760700070101001001101011011112110
22454445554545543222212223223434445454555566566666666666777000100101110011010110101011
222355455544554431223233343444445455565666666667677000001001101001100100110110
2224454545445455443222232323344344544555565665666666676700071000100101001011010011001010
22445454554554545432222223222334444445455665666666666666676700001101011001011010110101110
2224555444545545554532212232132233344444454455556666666666666667707000010010001110111110101010101
224454445454545453222122232333444445454656655666566676676007010000101001110101010101001
23565455654532212222344546546666666667600001110111021211
2245455545554555453211111222224344456546666666676676000110111101111011
2244465454655545545431212122222444445656666666676070010011010211011101
2234656556546555546545534322100101221223445346556566666666770001001011111121021211
22455555654554544543111112112223444545655466667666760000010001111111121
2454655655655655655556555443222210001211122223454445565665666666567660000010112101212112111211211221
22455555555545554555443110111112222344445456545666676567600000011010111111111111
224455554654555455554311212122234344554556556666666667000010010011101111110211101
22254655555546545556554545444321011121222123335455565665467666676770000100111021012101111211021
22454454555545555455545443101101112122335444455466566666666600000001011110111110111010
222354554544544321101222234355566665666676701000011011000
22345545554343221212122323446566665655560007767000000101011
22345555454533221011222234345465666666676670700001001111
2224445545445543222101222235456556666676700000010011010
22354454554454433111012122324444555656666666707070000101001110
224454554555443321212122344554666566655600007070010011101011
2444455554454543122122233445566666666670000000001011010121
223455465444544332112222244455666666677700000001001110
2344545454454343211112222344455656666676677007000100110101
22444556545554432221010221232445655566666666760000010112101021
2234455554444443211011222224344555656666667660700000000101110
224445545455454431102122233445566566666777000011001011011
23445554545433112121222233454565666666656600770000000110111
244445556554554444443101112122444444546556667670070000000101101210111
22444565546545554545454443111102112222444445655656546767607000001010101011102110210
224454555545554554533101112122223344454555666566660760707000101011101110111
2224465545545445444444443431010001110212344454545555432556607760770000000000001010101110
22244565455545445454454444431010011122344445545656666607000000010010001101011101
224445554545454443212222244445455656666770000000100101000101110
244455544656655545544544454432110111021121223444454454555656653222247657567660077700000001010010111002111211210
2445555556545545545545455444444432321001100111102110222344444445455546565656666667677000000001001101011010210111111121
22444555555555554332221011111223454555556665667677071010111011121011
222444545454554454554444432111011112132344445555656544666707676707000110010101010110100
222445555454555455431111222444445556566667707001101010110111011
223456546556555654553321221211011021234444655465546666666666677100001111111212111
2435455555555555454321211111211222434555655465666656667670000011111012101210111
222444545545454554545454432112100010111222344454554535666656566767700000010110101101001110
2345455546554554533111122122223444556566666666767700001101110111021
22244556555655554533321222100021122122334465556565665666666677700000101111211121
224445454321211334444565565656667700010010010110
2223444544654322222335455655666666070001000101010000
234454443122222344454545656656676607710010100101001
232444444554453212122222444454656666666666070001000010100010
2244445454432122122344544556566666670700000010010101
223445445454454543121122222344444565565666666670070010000100101010001
2244445444454432112121234444456556666666707000000001010001
22435454544544543111121231343445456666666666666700100010100101001
2234445454444312122223434546546566566677707100000101010000
234454534654544311121211233445455555656676667700000010101010101
2224434467545545454311121121221234444545465655566666666607000000101010101110
2536545455443112223445465466565666761010001010101021021
2345545555654532222345354566666666666610010110111111111110
244455546545332434445466666666660001001101111011111
22244554456555545455444311212121122224455565565665555324666670017700000100110110100211111
2235446566654355545432223344455655676665456707100111000101110121702212101
224445656656654545555322222444444656566666666700110010101210110012221021221
223246554656543455545444321122122223244455656656556677070070000000102110001221711
2244565545555554654431222234454565565666670700021000121001110211101121
2344545555455455321122133444445456566666667000000010001110010011211
244555555545654565454321212221244446556656656665656001010100101111102110210121021
23455546545455445322222324445656666666544660710011717101010111011111
22444555545554454545444444331101011121122222343445445454565656666666767607070070010010100110101110111
224444554545545445544444433322100101121212222223444444554565665666666676667670770000000101010101010210101
224454545454554545544544543111111111221222344453454554556556656667676707000000100101010110101101011
22444444545445455444453431001011122112222344444544654656566666666677700000001010010110010010
22245455445454545445445445443111210011222123344444545454556554656677676707000010000101001000110100110101
24445354445445454454444443210011011112122213444344445454545665666667666777600000000010010010010100101
222455465445454544545543111121222224434544555465656666667770000000101100110101011011
2224545444544544444433210122123234456565654366077766700700001000010010100
2224544475455444544454443431001112212324445456556546776777000000001001010001101
22445455445444312122224445456566653670770000000100101011
24444544544444544444443321001001011222334444545556556667667070700001000010001000101
2224465445454544544532222222223454556566666667070001000010001010121710
224544554454444444443101110212235444455565654346700076070000000000100010101
22345544544454454311122123244445455656656670700000000100010100100
224444376545444444544444443110111222444544555655460077707000100000100000100110
22454554454444653454443101011121233444455455665666770701000000100110000110
224455446534545454445432101112112233445456565656560767000000100010101001010
244454554454432212224435444556566767600000000010100101101
2345445454544544445544444312112221233444454656566667667600000000100001010010010100100
2222465455546545545445444332221100110112222233354445556666666666666666667000000100110111011111
222446555554554555445322222222344445655666666666666000001100100110101110112111
222454554455454555454312121221222234345546565666666666666070000010011011110011011
222222346665665655454454444454344321212212122223435456565665666576566701770000000000001001010111221
23445444545454445455454544332100011212122123222344554655656665665666667670070010010170210101101760121101
22354655454455454544545321121221312212222343546565656675656656676677000001000101011711101211
22222244665665555565545555555545433221010111222211222233344455565665666566666567667700000001010211012101112111121
22224444655545445554545454431222122223434444565665666566675456660010107010001001100101101101010101
23444544554454554543212222132223444445455656656666666766767010010101010101010101010101
22222344565675655465465545554543222122222222322444455665665666656566767670000011001011011110111111211
22346554453310121322344555466666677077001001021
222365555444431121212222344546554466666676670070010000111
2222255654544443332100101212223444456534666666667676070710000011
2445545455444443311122132435455656667677070000000100011121
24454554554443432112222233454565466667777770007001001110211
24454545434310212232344445656676667007700010000121
222225555454444331002112224344455365676676670700000000101
23545544444443331001011223234444455665676667670707000001001021
222455454544431112222344445465666676077000070101011
224456554444431122132243454456566666770707000010010121
2244545444321212334453556656676707000001071011
2244555454343112222335444566666660777000000001111
2244544544454546545322211021112222243544556566665666667667001011101010001010
2245455455555565454433211111212212324444455566566666666767770000111021111111011
2444465455545546545533111021211222223444455566566666666667670010110111101111110
224455555555555454312112212323444455656667666670700000101111112110210
2245455455545465555443221102111222121223433444444000007545565566566666666677600000101011111111011
235445455545554554555454321021012111122222434454455565656666666766760000110111011101110101101
22455455545545455543112212122333454465566566666666770701010111110101101111
2454455545554654654565533221012112122234454556656666666667670002110211101121011100121
22445555465454654553211222222234545655666656666676700011111110111011111
22445445554554545544321101021222223444455665666566676707001010110101110110
244554545455455454321222334444545656665666676667000111110101110110102101011
22245455555465555555332112112212222444445455666666666677770000111111211101110
2244455554554312234455456566667000100101011101110
223455554555544312211222344455565656666707000000101011110210
2244555546544322224444556567567000000010111101021
22444554545545554454453210212121212223435455654665666665670770000001010101101110101
2244555455554554544312234556566660000001010101101111101
22356555465555555565455454544311221212212222434446556566566666666770000001001010112110211021111121
23455545554555454311212234454555555666660700001001011101101111011
2444555555465556555543121212121223455554655565656677000001010111021112111012110
223555565465546544543112212234454545665666660700001702100102101211111
233444446545655554544432122221223223434454556666566667667676770007001000110010111111211
222444545555322223234444546556656666567667007000101010111111211
2234345465665555653222222232344445566566665666666777000000011011111210121221
2222234354355456656756554321222232344444456556566666667760700000000101101101111121
2223244444446556666555654653222232223434446546566666666666677700000010101021021102111121021
2223344445465555454532122212223243444455665565566677767700700000100010101111011
2223345454545553221232232343444454665666666676667677710700000210010111111
2233444444554554321232244444444446566666656667770700000010010110100101021
2345455545554532221223234445556556666666770000001010111011101021
22245455545543221232234444555456566666667700000101001101011101
22444575454654322223444455456556666666007001000111011111111
244456555532222243434455565666666676707001001101211211211
224445655455543212222223444445455654655656666666700000010011000111011110211
22444575545565532123223444455456565666667607000000021011121112122100
2444654565532232434455456556666676070010010111021111121
23454546545653222222243444545546565665666676070001001101011111102101
2344455555322222434445455565656666676700010101011111110101
222445555555532222232444454556565666666667766010110111110111112110
222355553322334444465556566666677600000001101121111
2244555555655432223344455455666666767070010011111111121111
23455456545555322222223444444555656656666667700000010110111101111111
224446545555455543112122122122234354556556656656665667700000101101110111101
224445455455455554545432112112222223444455556566566665346667007000000010101101011101101011
22354654555554555353311221212212222435454656656666556656607170700101711102101021110
234456555555554555454433101212121212122244454655656656556666767000000011011101111021111
2244555554654545321212222223234455556565666656666070000001001011102101111
224455555565454554312112122232343544455665665666666776007001011001111012101121
2244455565465554654546544311122112222122224453555656656665666766700000101101102111110111
24356555556554555432121212222223345455556656665666666070000001010110111210211121
22445555655554555454431010121212221222434454555656665666666677000001011101111111121
23444544545543122233444546556656667667607011110101110101001
22244554545454554554311110221222344545556556666667707001011011010101101
22344555554455553212222345455556566666667700101021010210111011101
224444544544554532122232434444455456566566667777000000101101011010101010
22244654454554555455543121112222244455556565666676607000101110111011101101
2224554545545553222234454655565666667770101110111101111011
234455455532234444455565565566667000001001110210111012101
234555454554555455545431210121121232234455555566656666767700001001011101110111111
234454555445554312122224345445556556566666660777001111111101110011110
2446545654555555453212122222343445555556656666767070100000101011021111112121
24454445455443344444545656666767000001011110111010111
224455455554554321222444545655556666676070011011021011101011121
23455545545555553221111112212324444555565665666676677000101111101110121
22234456555545555455432121222223333344444555665566656675766667170170001000100110101110111111
222225465545454311122223334556566666767070000101001
2444665455655454544443100012122223234445556566666667770000100101002111210221
24554535554544545443102121212222343455556566666666770000000100101001101211
235654545554554545444432222176700012122222333454455656666666667607000100101010111110211
24454654545545321012213224434545465666666660770000101010111111
22455455454554443111222122222334445656656665676676707000100101110111
24455555454312212322444444565665666670770001010010111121
2245554555454543221222213244555656665666607000001001101111011
2354655454532222223444445666666666600007010010111111
24454654445554555444311212222334446555566566677071710001010101011101110
244554555455445443112122234444555565666660700000001001011011011021
2454555554565453222222434455654655666676070011001110101111110121
22444454545454545444311211222322344445565566566666666600100000001000100110100110
22354545543222233434454545465565666777007100100010101101010
23455455545554312122122322444676765656665345433121212212145556655666666677000017010110110110111
224455454455443222244366765656555532312211113245655566566666070000022170110011100110101
2224454454554545445444443101101121222222344454555656565667676707000001000101101001010
234445654545455321212223443555555566656767000010010101010107012211
24454544554554322344445555665666070001010101101101011101
24354554545545322222443555466546666677710111001110101100101
24444544545443212224344444545555665667676000101001000110010010101
24345455555554554532122122132243445555656656666654607007000001011011011102101111
24545445445454312122344454565666670700010100101010011
244544544545454431112213244445556566566676000001010101010101010
24555445455545445431212123444565565656770071010101110101100111
22445455545454544312112234456555656667600001010100101101101
22454554544322234444555565666670000001010101101011
222555455455453212222344454555656566667070010010101011101111
2544545454532122222343544655656666667700000110011011101
224455554554553212222444545656656677000001010111110111
24454454445454544310212123344446556556666760000000101010101001010
2246545454545321223444455556656677000101010101011101
244555454554545543224444655666070000101101101021001111
2444545454545544532121233445455656656567660000001011011101010111010
24444544545454431232344546566666666001000101001010101001
22234655454554532122334454455665665667070011010001011010110
2444545545455454312222345445555656667000000100101010011011011
24455454654543223244444556565666670000001101011102101011
2244454555445445432122234345455565666666660010001000101011010010110
2224654554545443122223444445455566666766070000101711101111010
2235544545454544545322213222444455565556666667001000100100100101010101010
223454554555545453211222223245465565666566767600011100101101110110
22244655555545431222334545566666666000000010110111111
2444445544543223344454545556666666000101000101001010100101
2324554565454554554543112122222344445555556666666660000010010010011010110102101
22245456545322222344445556566546566760000100001011011111
222344575555455553211221223445565446666666777010011011111011
224444545544554311111212123444444655656666666677000101010101001
22244555554465443221121222222243444555665666666656670000700000101011111
222444554555455545321212122233444455565665666666677000100010101102101021001
22344554075545554544544312121122234445655665666566000070100000110101101211
2244545545545321212122224444455656555666670700000001010110111
2244545554554544543122112222234454565666656546667000000100100010111010021
2244456555554555431121212223444555656556666710707100101011111111
2244455454654455432121222223444445465656566667607000000010010101011101
24445554545454321121212233544454656565665676077000010010101101111
22244554545554432111121222344445455655665667676007001001010101101
2344454545544554321222224444455565566666670000001010010021010110010
23544455545454321212324444555566666666660000010110110102171110
2444556545532222234445555656666666677000011111111111121
2244454555555432121222344545556565665666660710011011011011101110
223455556555454532112222222445455546556656666667070100110012110101112110
234454354566554554554544322221770010111221233445454555565656666676000000110101101011101101
234454554532122222234454555565666656666670000011011101011011
2235456555555655321221222244454465565665665666760000001210111112102121110
224445455322324444545556566566767001001010101111011
222445555453221222343454555565666566677000001001101110111
22345454545431221344445455655656656670000101010110100210010
24445555555554443211012112223234444445656666666667677700000111110211111
2224455655655554311212122222434445456566666666676770000111021111211
2244465565456546553212122222234445455565666666676770000101111111112111
22224556546554554311212222333444445656566666676677070010010110111121
22445655555554544443111110212122222344544545456565666756776076000710011001211021211
22224465656545555554311211222223444454556656666667770000010101210111211
22445655555555431121222234444454545656566656766760070100110111102101211121
2235555565555555453231001111122222223444455556566665666676770000011101121111211
2244655555654555545433101111121222232434454556566566666666767007010011011111121211
2223546556556545555554443110110210211222132244444554555656656666666770700010101110211121111
224455655655655553211212122222334545465555666666666667670000011111211121121211
244454544544444311212223334344456566666756660000070000001000101001
224544554544544444433111012212224344454556666666667770000000010001011010
243454454544544455444544444310010112122243444445456566666666070000000100001001001010001010
2244455445444544454454443110112122222433444445656656666766770000000000001010017101001
24444545445454544544454312112122222343444444565666566666667007000000001001001001010010101
2244445445454545455454445321010112121222444444545454456666667677070001000101010101101001000
2244545454554544544311121212443444454454666567667707001000100010101010110
2244545654454454544454444431001111121122334434444455456666666666660700000000001000001010101101
244454545444545444443121112122233334444443236666666666666667677000701000000011001000110
224554555565455321111224444565666666600000111121021011
24455453212444555566667701011101111
2245556555532121221244455656666667000011111211
22545455555432112102234455655666667071017210210111
223555465455431121122223554656566666667001001111110
2354546543121222345556556666667000111011110
224455555321112234545656656667701010210111
235545455555432101112133544565656665677001010210111101
2244654555532121234565656546600070001111111
2245454312224445555566666660001110110101
2435546545543211112444555666566670010011111101
22246545655321222444656565666676000111112111
22455555555532221213444666566666070000111111211
22224555556555553212121222222234445656565656566656676700000101110112112101
2235555655321222132334446565566655665676676000001101111211121
2244554555455544544432212117600102111212324444554565565565665676700000101010110111101
22244454455357554554311222222323444546555655565666666717000000101010101021000211100
2235545555554543121121022232344444555656565666666667700001010101101111111
2345555546554554443101011112121222335455555656565666667700001001111111111
2222456555555555554544322212170001121222123233554656565566566566676600000001111111112110
2444545355555454544311101112121224344555565556665667070000110011011010110
224545554654312112223344455556556655666677000010101111111011
24454555555545544310110212211221222224444655565565665665676670000001011102111111
234455555655321221222233445556555656656566566676000000111102111111112110
22444555554312222224444556556656665675666600112100101111111101
2245455654554554312122122344444545665666666660700001710110210111111
2224466545555554545544543212121212233444445565656656667777000001010010110101111111
22244565455545544532212122212222343454455556556566666666670000000100011010011101101
222334665546544555454554312111122122222333434445555566565666666667777700000010010110101111011
234444555543232334444444565465566566667607000000100110101110111011
232434446076655565453212233444444444546656566666677000000010101010111111121
232345555554553222322344345465656566766760707000101011111011110
2323446656555553222322232434445465656566666666660777000001110111021111121
222233447555455432223223343454465566666666767670000001001101011010
2233447554554532222223234444565656666666677570001000110101110021
2223434756545455322222323343545555665665667677700000010101011010111
225455454544443101012223244444565666677707000110010210
2226555545444443210122222444655666666707000001010211
2345455545543122223454466565667677101010111011010
24445545454544321021222244555556676670010000101101010
22456656555534332112111222244445566566655360077777000011122121
2455554433102122223344557566766760700100111
22245655545454544454433122100111223445545467566666670700001001011101110
2245555445443310212223444556665667007070001010111
25555555444321221222444555656766660000001711111121
22445655555455454321121212224444555656656756000000000110102101111
22545554545443311221222224545466566666660770000011011110
23545554555532112121232544555565655466756670000110111011111110
244546546546545543221102111211221344454555665656666666676000110102102112101
254455555555545543222111102112112123444454655656656556766666700001011101112110211
2245444554554545534310021012112211232535455556655666566677000001101011011010
2445455546555554555431111121212222345455655665654667667600001100112101112110111
22225545455445455543112112121122324454554655656656665556007070010101011011101010
235445455455555546545545431221110111121121123244445556556656554667565666700000101111110210111100110
2245545555455455432210111211122122434455565656566566667670001101101111101
244454554555454555455444312210110111111121224444545546556565466656666660000100110110110111011010
224454545431122222234354656656666767070001001011
23445554431222213234445665666667667700001010111
223445544431222223244445566566766770701001000100
2244455544544443112122213223445465665666667677070000010101011
23445444432112122223434465466566666767770000001001
224454544443210222221322434565665666766676707001001011
22445444443321102221222234444565656666666767700700001010
2353545544433323211212122334444466666566676667676770700100101011
234454455444544343211112222224344445656656666766707070000000100100101
2234454454443121212222334445566566666766700070017100010
2234456555545454443221001212222224334555665665666667670700001010100112101
2234445454443231012222223344456566666666766007070170171010
22343654445444331012221223233344546665666666667760700070000001010
2235455555565555545554323222210011212222222335344555566666666666666676767700010012101021112112100211
2234465456545555321222232222543454656666666766660700000107211012110211
22444545553222466665665545455431122222232343444556656766656667077000000010101002110121021111
222244555565465565556553212222323444444546666566666666767607700011012111211211112121111
234444454454545532233344444465565666666667000000000110111101101100010
23444545545555655554553211211222222323444446666661766556666666667000001101111112110111011
234445465565565455444432100111121223234434444545556666666666767070700010010110111211111
2344454554454545444444433111122222223243444456666666666666676070700700000101001001101011
22454554555454543432322100211121222344445465566534566707766767770000011010110111
222454654545555554555545554443222221112121022324544655666532566667766666707001101011102101021101110110
222456556555565556555565553322121212111222223454555665666654667766676070021011211112111121121121
244545554545554554543222101121122223445566556655545600766760000101100111011101111
245455455454554544544453433211011111711112323345445465556556665666677700000000010101011101101021
2445555555545554544433232222100101211221222334445555656666533214556660707666667667700000001101111021012111
2224555555655554555554545443222110211212212243445465656566543265677776667700100101021011110111211111
244554555555555555545554323121010111121212122233444554655656656665432222465666760766667670000111010211021012101111111
2325354444443534433323211000121233244354465566666666767677700070000000000001
2335344443453533443232311001102123334344554665665666766767077007000700000007100
2233444444444443443433210101122323344445566566666676707607000000000000700070
224445445444434433221221112233445546566666666767070707000000101001
234334444444444444344323210000000102232334343445555665666766607600700007000000000700000
2434444344444344443432332321000010112324343226544445466566666676677777700007000000071700000
243244445444344443443333332210000102123243344444455466666766776776770707000700070000000001
2243444444535353444432222100011123234344455556566666766070760000070000000010000
233444444444344443322310000111223334344455566666666767670707007000000000000
223444444443444443434332322310010012123343434454656666666667667777707007000070000000000
24344443444444443444333323321010001012234344445445455666676677777707000700007017107000000
224544545455455454554453210021212232223444566566566567667700001010101101110011010
2445455465454545322122322443456566666666676700011011001121010111
2444454554545545554545532122212324445556656666677700101011011011101101010110
225454545544545444543310111212222334446546566556766767700000100011001011101
2444454545454455444432110101222222434545654666666666670700001010021010010101
2244455545554654545544432211002122121232444456556565666666777000001001110111117111
2245454454554544554454312121222344445556565666676000000001010100110101101010
24445454545445545445431221223434545656666666007001000010101001101001101
2244454545445455443112122334445556566656666770101001101011010010100
244445455455545532122223343455656666666677001000101110111010101
2245454545455454454333107011122223244446546566656676707000100101011001110
2454455545455455545454312112123224445556656566666700000100110101110110101111
24455455544555454455445432221111122112222344565565656665432224666667076666607001010010110101110110111
2454545455445454544544432211101121212222444455556565536667666767700010010010101010111011
24455554554545454445432111111122222344555555656532466656670007700001000100110101110121
244445455546545545453322101212122223444565665665444325667000076667700001101110111011010
2224455454554544544433211101111222344444546556655431212546566660077667707000100101001010110
224555445455444543322101010111112112223243445455465565656666666666667000010001001110021
244455465455554555545332221221011121121122222344455565656653246566676766566666770001010111021011110111
2444455565454554555444443210101121212223444455565656566667670070010001011101110211011
22244455454554545544545454444322100012112212222234444556556656665666766600710000100011001011010110010
24446545555455454544434311021112122223243444455566566666666767770000000011010110111111
24444455545554554545544322221700111212221233444554565666566566676670000001010110111021010101
23454655555565555555555455544443221000012121212222223444445655665656666666666707000100101111110211111121111111
22224546555554654555465545455454554544544443211001001101111112121222224345445554555654655655546666666660700000010001101010110110111101111111101
22345545455455545554555545321121122121222224344545556555665656546666676660700101001110111011011011110101110
22454555555555555545544310121212212222234445455656656566666677700000101101110211111121110
2222255454555455454554544554444444443100111111211212122223434544554565556566565466677677070000001000100101010101101011010
22244555546655455554554545445445443232100101102112121222234445455455656565666566676707000000100011001101101111111111
224555554545545455445445443111112121221232344454556556566566666777000000001010101011011011111
2444555455555555455554312112212212222443545556565665666566666707010011010111111102111110111
22446545545454454443322210000102111212324435446554655665666666676070001001000210110021
22244565555555545545431121212222444444455656666666770700010010101111111111
222445555555554545433210101111212234444455556566666666770000010110111102110
2345444545545443101111221344444444555656666666700000001010101010711
224445545555455545454532321700011112223334445546565666666667700001001101011102101110
22445454545454554454443321222110701012122244445455655665665666700700100100110100110100
2244465545545455444433322221221210076665556600112122123244444455656666656676700700100001101101101
224455555654565453310111211212234454546546656666666770010011111111210
2435565555532224444445656566666070001001101211111211
2244555465555555321212122243454455665756666677000011111111111110
2445455454554312122224344456556565655666677000101110111011011101
2244545654555431121212223344556566566566666607001110111111100
2244555555565555554311211211212122224445454555665666666666676000011012111112111110
22445555565553222122212223354456665665666666666700001111121111110
2245454654653321222243101212455455455465656666566667670001110110211101101
2344545555555553221122224344546565656656665666666600101111112111111110210100
2444545555555431121222344555565556666670000101011011102101210
234555453223444456556566660001100100021000121
223445455545545322222122335456556656666660700001010010211000011
243555666101210
2234555554555432222223445655565656666660701011010011111101110
22444555455532232344454565656656666071000000012101102111011
22444456554454544334434455565666670000007112100110101110101
2434555554323434454555655666677001010010111011102101
2244454454554311212222343445656565666667670000011010101010
2354445454312122322434545665666666676700010011010011
233445432223243545565656656666677000101111110100
22245455455455443112123224354455665666676667000010101011110011
23454545454554544432111122122234444565566666545660007760000001010101101011
2345545545543112221334444565656666666707001011010111011
244455554554555322121123232344455655665666666677000001100101110111111
23545545455432223344444565656667707000100010110111011
2244455554554532222233454565656666666700010101011011101011
22444545544454454445444443331100001101222223444444554655545666077667070000000000100001010100110
23365545545445544544443322110101011022232243454555556555676666677700000010010100110010211
2224445654455454545454543332221100101011222233444454555565666666666767707001010100101100111001
22344455544544545444444431002101101022122324444455454555556666766707000000010001000101001001
2344455454545545455445444311021101021022132343544555556565656666776700010100100101101010110011
2235446554555445455443112102122222243445445455655556566667760070001000011001010110111011
2244445456545446545454544454443310100110111112222234445444554555656654666676607070000010010100101010101101021
2224546545544555445455454454543211121121222243445455465666565566670077000010010100110021001011001111
22244545454545454544444443121100011102123122324454545655655534444667000756666607000000001001000110110001
244544544545444444433210112122232343454666566666676676707000010000100101101
2244544665545545443111212222233444454556566666766777000000110101110111
224545554545445444332102122122222234554654656666676676670000000010101011011
224455454554454554454453322221010101011222243444455532654656666666666767700000100101011010101101
224446555545445445434321112122213244444555666666666776007000001000111011011
223445554654545454454444443432210100111121222232434445654655565656666676677070000000000010101010110111
243555465454454454343311110212212233444444656566666666666777000000000110011011021
22245554454454444433332101111222233443455656665566660076777700000000100101010
234545545355544443321010212221333444445436656666666670776070070001001002101011
23455545445454444454344331011022122122322344445556565667667666677700700000100100100110111
223554444607545454544444433231010212122212222233435435765466566666666766667677707001710101010111021
22223567555565465455465553212122223345555656566566666000001100121010210210210102211
22244554660754654656546554532122222234444546566656666667670000110111111112102112121
2223444455601076555555456545543211122223344545544655666666677070001010101100221011111211
222446555665555455654543122223344545556656676770000100021721100211111121211
2245466565556555555555544432100121212121222345445556656566656676700000011110211111211211211
22224566555555565455554543112122122223445555656656666667660001100110111110211111211
2224446756555555555545454311112111222232453545555656666666677000000021010111111112121
2224456655655555454444311222333344444565666666700077177000000010210211121211
223334457755544444444432132433454456566677070000000000000001001101
2222444460755655545444444434310010212333434444545665676777707000700000010010211121
222234445461007565655544544343122234444655466670700070700001001111121
222443666555545545321344546566670000001001101210211
22222465656545455444544443443100000012243443444545666667770700000000101001110121
222223446765554454322344444454566770700000000100002101
23445446655544454444312333344445556676070707000000000010100111111
2222344454446000007566556555544444334321013223234343456666676776767770707001001010212121221
2245446665555555432121243434344656766776607070001110211112211
223232344444077076665335546007555443221223344434544556656676707070000100010001111211
2346555555545443231111221122344445565665666666767700000011101211121
2235455555555555554545433222100111121212134345454655654566756666667607000001011011111111211011
22444465555544465554322211011122222224445546565655466767666670700100011111111111
22244444666553754366555455455444323210011121121223243444444566656566666676666767700010101011071221101112110
2222545654545554545445432211211121223444454566665456677666670700101001011110101021
22243665545555454544332111211221232444565465665365667766776000000010110111111
223466555454545545455433211011021212222334455555655656676676670070100101101011011121
2545555556545444454332221111212221223444455566656566676666677707100010172101112111221
2444445454455545455445443222111112112212324545566546553213565665666776767700000010101011010011001021
22244566555555546544321211222223444555565565665666600000000001101111021012111
2223565565555432122212434445565556566566667070001011110210112111
24445665453221232434445445555556556556666760070100001100101110211121121
22445665556556545555554554444322211011212121221232444455656566665666666666700000101101111021111121111
2353656665556555556543212122222222334454665656666566666667000001011111211112112111
224555655555565455544322111121121212222444445556566656666666667000001011111121021111
2456546556556556555543231102122122212234445566566656566776670000110121121121121121
22445655655555455545321122121221222345454566566675666677701010111102101121021
22455655565656565565454333221111212221223444456566666665676676707100210121121211212110
246555565555544545432322101121212222335446565666666666667670010001101111112211
222222444340776554544544454444444443101121212223344444454555656665666076770700700000010010010001010101
23444444435544445445444444444443343221701001011101211122343444454545455455666666666667707000700000000001000000072100000110
2434454545444544445444444343322176000000101101123334444435445545666666666607700000000000001001010001001
234454454454453654445454444431000110111102121233444354454554656566566676677000001000100101010010100001
2234444544444544444534543444431001010122222333434444444546566666667676707070000700001000001000000010000
23444444444343312222232434344444445445656666766677707001010000700070000000010
23444445445444444444444453443321000000100110112223234343444554555665656666667770070000000000010000100000100
2345455444454454454444444433101001011122233343444454455566653666777677700070000000100010000101001021
234554555455543121233444545656666666660701001110210011110111
2244546554555555432122343544456666666666670071111001111111110121
2444555554555554545544543210101112122343445455656654667677600710010110110210111011111
224445465455545455454443111112212234444555656666666777000001010101101110111
223455555545555555545454321110121222334445465656546666707677000100111102101111011111
2234555555554654555545545431111112122234444556565665546760777000101101110111111111011
2224444457555565546545554555443122111012112123444445655656544666076667670001010210111101111111110
2222444675554545544445331221233445546666667707000000100101011011
22344665354344444443344445565666676600007001000010011011111
22445654546545454543112221212121146555533554556566666667007010010101101110111
23545565445454312112243444445455656677700700010000110101211
223345675545454543122123435454565666670700010000101010111
24545455454554443112224344445666666770007100010110101111
225355654546544554533211222344546566666660700001017210101011111
224554545455454321213434544555666677000000010100100111021
234555445455445454322123444454656667567001000001001101010110011
22346545545454444443121222444454566666660000700000100100101101
23344655655554555444443100212222434445455666667770000000001001110111111
2224455456554545431221232454554656666777000011711021011011
2444545545545431111222334444444454655656666667070000000010010110011111
2345545554545544311211212222432454554656565666566070070001000101110021011
2345454543222324344444545656556666607000000000101010011011
22435555533233444455565565656666767700101111010111111211
2444455445455445454454444431217000101002101123243344444545555556656666670007000010000101010100111011
22445455545545431123234434454455556666670700000000100110010110111
2244455454321232333443454455565665667677700000000100101011101
2434555465455455454311211212233444445556556556666654466000100000000100101011101110111
22354654555322433353545465465466656666666071700011011111021021011210
22243454444544454444331011011212223444444456545434666667677607707000000010100001070
224454454544544454443343323100001011122334444445555336667666766760777007000001000110010110
2354454545545454545444433221000011101212222344444545553265666666666666707607100001101011010110101
244545444544554555445433101101021122234343244446754656566543324466677707766070700010101011010101000121
2444445545455454455444432210111101222224344445465325666566666676767770010010101010101101011
2354455545554554555445444432232221700100111121222233434544454555666566666676676667760000100110101110111702211011
222344544554565454655455544544331100210111111232232454445445565566554666667776771070100111011101110121010000
2234535446544455444544434321001112211223343444546555666666676767707007000110100101001010
222444455454446654555454532102121122222244445555656656666677070001001101101101100101
2345554546554545431121212222345446556656667677701001011101021011
2245454555465454433100210122222344455565666666677600000111021010111
222455555555454431111122324444556565666676700001711012101111
22445454454654543222334545565656666677000101111011011010101
224545554455544454311001212212222335445556565666666677000000101001101111
22344666000
22445555446555554433110102121222344454556565667666770000001110102110121
24445545455432122234444545556665666667700010111011101101011
22445454554545465454432221001121212323445565656566666666770001010101110110110
2355555454322133444454465656667760000000101010111121
244545554654654555555321222233253535454656666666666666607000011102102102102102102102102101021
2345555455554655465532122233445446554656566666666600000101111111111111111011110
2224655556556546565543221222222234454545565656666667670700010110111121112111211
244455445555455545545321212212223234445455665666667676707000101100210111011101011
244555655555555456545532121212222234444445454565566666666677007000101010111021101210211111121
24454554545554555455444444322222211210210101766656555555600011121122122222344454554655565566666667700000001011010111011101011
244455545555454554544545431121121221322243444445556566666666676700070100001100101011111110101
23444544555455545455454311021111212223344454454556565666666767070000101010101111011010100
2244554555545455431122122223443544554565656666677070001000100101101111011
2445555555554554444311112121221222434445455566566666676670700000010110111111121
