22224334535456553444445656666667000000117701011021221
2222223434444546534435455566566677000101176770010101221
2222231222224344545565655444555656670701021770700010121
22334354445465533443455565566666660000010110767670000121211221221
2222223333444445556554344444546565666567670000001121176707000101021121
2333223444444565565354444545556666670700010012177700001101211221
22223223344344456554434445465465566677000001011177756031000000111
222323344465751076656653243222254443444545565565677001101011007777000111221
2222222232343444545655653334435454655656666766070710001012102177000000011
22232443344465655655443344444655656566600010100176767677700001011222122221221
222222321222222334344455656565434444456565666670071010107767700010010
2222322344444454655555434434454556667667700000210077070010011112121
2222233443224456556544444445656666760000101110007000101
222334432234565655444445566666760710021111717000021
2222223445431224456556565444556665677001021210000701101
222234354322447565443444455666667700100010700000211
223244322446556554444444455666760000001101000000111
22444322445655544444556566666700001011210000101221
222223532222455655654453545465666666700171211021070001021
222224444322446656654443444565666666677101011100700102121
2222224446665343121223456554444445656666667000102111707000010
222234432445655565544445556666670011111100000010211
22234331446555655444444455566667000110117070001101221
2222222443212444656543334444446566666666070001011776760000121
223456665553232311011012444454553444444455666667700011107676771710121221
2234566566533232221211124445555444444445566666667670001101217767770101122221
2434445454554343434444555656666607700001101117676770071121212224446656533232101010100
2334544455443443444454565666676700000011011777000012212221
2323446676553222333212121210024453555655534544544656667707071001211767666660001012121
222345565332111221222445566553444444545556666707000001011766676670012121221
222222434444545555544344444556656676607070010212170767607002122222244554332211111007667601
2222435675532323210211212445556545443444444556666670000001011777677001021
22224446666533332211110102444454555534443444556566677000010101777770000121
234444544455555334444444556566760707171011177766770111232444323211110010000
22222244431244455534344444546566666760701001011776770001221
222222224324445555434444444455556566670007010011010077676701012221
222322323434354533333534535565566666676767070000000767070071010222221
232222333434444333243444444545656666666667677070000077670700000011122221
2232232243243444444332334344444546556566667667677770071710007707000000102221
222232223334344453324343445444556656666666677607700001000770001001011
222222222232233243224444444324323443534554656666666666766767777070000176777000000111
22232332434344432233434344454565666566666666766770700001017777070012211121
22233334443454343443454456566666666776070000010017700000121221
2223223234324434444333443444454565656666666676777700000000100707010001121
22222232323343445433343454455665756667667707000000777000010211
22222323233243443444453333443444555665666666666766777000000010107677700001021121
2222222323323334344444333433454445455656666666667677707000000007770070000010211
2222322323434344445343434344444455666666676676677070000101017707000000121
222222233243443444444434434445445465665666676676700700001001077070010101021
2222223445456555656565654555566600111211000001001122221
22223222223435455655665654543544556656676707100121221110000000101
23221334454545666565554444455566666760070101212121210000101121
223347655545432221121117722234445565655665655444555666660710111212100100001011
22223466665654544443112112112110761234445465565565565544454566660000021110000010010121
22344766545544431221212101076132435445655665665444444355665666767700101211221000100101021
222331222344445565656656655544544546666666170101121210000100011121
2244444455565565655445445566566770001112121100001010122234467554543121211110000
23312232344454565656656654546566666000122121010000001121
2232332345546555655534343444446566666676000070010021100000000111221
2222333344444565566544434445456566667660707100112111100700010121
2432323244446556565544344444465666666777000172102111700001011221
222222324445455565655556534344444445566566766600000000101111070700011212121221
223234322345456556556544344435546566666070000010011100000000021121
222222243223254455655556545543444444455565666566667000010102111110170000000011111
2222244431110243544555565565565434344455665666676000010101111070001011121
222324343112344456546555454344344445656666767000001011007070000010111
222223344321123455465555565554344445455565666670010001110111000700000001021
2222334356076665654555432112121222212222245665665656655655444345445556666770010011011000000010111121
22323432246554555565543443444454465666666677700010101110707071011021212221
22222344455455565554343444565665666666670011211117707001010211221221
2222222222344555555544344445465666666700111101707007000211
22234444445555555544434445556666666607101101121000776000021112121221
2222222343454545555534444444565656667700010121007777600101121121
22224444455565443435454455566565666607000010111110210000111121
22334444444544545334434545556566667001002110076777700001011111221
2222324354554654543444444546556656766700101111110771711000211
22232324344545654434344444555656566666700001001101076700001101211
223243545455534434443544555565565666670000101101011010770010111121
223443444446565665434443454565656667677000010101177000121121212221
22222233444455655654443544446566656676760100102121707771011211221
2222223344555554554443434445455665666760000100110117000010010011
222223234444456553334344445556666670000007010000707701211
23334444456556656554445545666666667700001212121212111001101221
22333243444445655655554444444565565666676600000012112111111000000001111
2333435444565544444544546656667000000011011210776117022121
2234554454321212107700023333445465546565565454454556566666660000010211212112100001010010
232433334546565656545444444555656666666707001011121121211010000022101
2222324343453556545556553544454666666666770000121212121000000010221001
222222232433454465456556555545354545546566666607000010111211211210700000100210
2234333435445445555565656565445444445566666666707000002111212212100100001001110212101
222322433534345455656556555444445454565666677600717110112112102210001000010101
2244444555555545334343444445465666760071000000177777070001012221222122221
22222222244467666666566565454443333222101211111110022444545555556554343444444544556666667700000101010076770070100010211221
223344545455565555444544545656666070001010211217607767000112212221222221
2223445444444454545544544454555656666700010011111177770000010111122221
2232443102244545555465555443445444546555666677070010110111777000011111212211
2222245554345556555554554444444556565665667000010010112111767677000112121221221222121
2244444655555655545553334324444455465666666767770100101010776607070101121211212222221231311
2222222444545546556565555333434454554665666667700000011101176770701011212122122221
22222222222444454555555565556556533444454555556666760700010011102110707070101101212121221
24456656655444333321214444444444444555656666607600000110111177607070010211222121
232222344345546545555554534344545555656666670000010112111777770000121112111211
2222444454556556555434444444445456566666700000010011107667700001221122121221221
24444454554555665555543444444545565666666707000101011117760700001121121221222122221221
222222334443454432443544656556665666666766700710010070010012121221
222222223244444554433444445665665666666675776000010010000001121221
222233234344444532334444445556565666566666766707001010077000001101211121
222322233344445533334444456565665666666666677700011170770001011121221
22233344444455433334444445656656666566666667700000011110710001001112121
222222333534545532223334444555565665666656666666666070701000121771700210111211221
232223334444553322433444445565666566566666566667670000001210217677000011112211221
222223233343444443344444455565656656665666666767700000001170000011011212121
22321223324344445444344444454654665665666666667600000000000000000011112121
2233222233444444433444444455565656666666667700000076700000010011112121
2223322233443444433334434445556566566666666666770700100007000000100110121
22222232434444445323344345445555666575666666667670700010017070110011112121
23223444445656543444444656666666770000112111070011121
2222223324445556654444444455567667700010111100700011
22323344456554444454566666670001102110770002211
223244444465555544444455466666607000111121700002443221112100756666560012221
22222322334555565533434444555666566760700000102117670701011221
2222223344455565553445454556666670001012102117007002101
22344446555565534454546556677000111110070000131122221
22322335354655556653454545665666070021021111770010212110
222323445655654544545466666607010021122107000224443121176600
2222223444555554444445556666670000011211007701121
23546556556545555543344556666566607011101077710101111222122224321211
23446665665656556554332212121212122124565656565656534344455665756677001011217707100211211121221221
23234460765554444311221222122356666565655444344455656666770010011210700000011121
2222234346676576555554544312212234665565444444545565656666660000011102111210700010011111121
22223234476766566555533332221222234666656544445555666612111107555656555600021121121007607000010211221
2444555555554434445456565656666701001101107770000002112222233431211021
22324466665565544443111121112222465655465455533444555565666666001710111117070001010121211
222223243465465555655555433354455555465656666666767071011212121011170700001121121121221
22233453221344665655655553344354456565666667007100012111070000010211211
222222222333434500767667666555544444431121122123444675656555544444454555565676700001011012110000000000011011
2222223456766566555544334312210221121112121121245556555655655655554353544556666667000002101210760770100010212121
245556556556655565655655432323333455665666666666667677001011177770701001222121212122132345676565656565544332321211212121211211221121121
2223324446555565555345444445455656767000001011111000700011121221
2222345322446556565565554544444545565667607010001021111100000011121221
2223332446565656556544544444554556667000000101021100000011121221
23224456666665544334321211111011234445465555655654443544454555666677700000011121100077070000112212221
222222332112334566655656565654334445354655667077070101721100700012121
2222222344666666656656543332211211213455556565444444454555656766770001010211117777701112121221
2222223224445555655654444444444556566760707001011110700071112121
2222232344655555544444444545556656767000001011021101070010121
22222223443444555656556543434445454565566676700071001110210770701011112121
222222234443102234465656565565434444445456656667660700001021111007700101121
2322354323456655656654344444455456566666700707010111121070100021122121
2222222234344445665555555544354444556656567670001011010100700001010112121
2222222233232444665455567556565555344445555565666667667010102101121177170010021121121221
2222232324433234565565656555544444445455655666667600000101011110707071001110211221
222223324312335456556556555544434445445555666666667000011010111076070007110111121221
22223223231324466545567565656565556565655544454454565456566666665666666701711111211212111212107100711012112121222121221
22222332444445454676555556546544344444454455555566666666600000101001101111021070001710101121211221
2222323331132234565555655565565555544444454565456666666666666666600101111221121211121107000100110111121
222223234311212223234567655556556556555655655454454454654565565676670000010210121112110070070000111121221221
2222223344444311544555554565456544444444545556566666070000101011121117000700001000111021
2222322224444312245655555434344444545455666665667767700001010111221777000101101
31222224324455701766665655545344321111215365444654534444344455446555556666666770001700210121012101117070000001101221
222233444444334555554654554334434444455566666677000001001010776707070011101111211210
22222222343344443210213545655565565433444444545465666566665666766700101002110211211767676077001011211211
22236532235354654546554553434353544556666666666666171010210111107077000001021122221021
22322213233343555466555654335434354535566566666666600070010011101177777000012103103121
2231322223223332434465654543334444544546556656656666766766000000011012112176776077070111121
222222332334455556553454546566667570001001170001001021
222222434344466554354445465675677617000110170100211
22223434432122454466547556544445465676767766017000212210000012211
22233332244555555443456567676000017700000101221
222223324535545534434544556565667700000101117677000012121
222222222343444532225466566566554344456767007000707770000121221
2224322224465655544534344446566666670000100770700102121221
222223124334555565544434454656656666767000001172100760101212221
222232433223445455554444444656665666776000211017017676001011121
22223344444545544444444456666667676760001022110070001102121
22222324444322245456546565454444566567667770001221777007001021212221
32312145454555555453535555656666000011100007000010212122221
23344445554565534434565666667670010021017001111211221
2343444754554555354445546656676000011211110007001111221
22234435445655655445545566666071011211100070100212221
222222222444555555655454555566660001121110000710111
22234444445555546554445445456546566607010111111170770700012112122121
23234345655654555555544454455666677011012110000000000110121222221
2222222224434565554565565654434446666666670011121107001000012121
222222224465554655555554445545545656666700010121021111000000001212221
2222334444455565455344455656566000001011100700701011221
222222244312455565655566554444545565656660000101112117000010112121
22343245655555555534344445566566760071011101070000001121212221
2222235666665655554443311211121111212254556555655654543343454556666770000001100770000111021221
22222223454555555344345555656770001011010700000121
222344434455455655534344444656666770000010117700000011121221
2222222432235555555655444344445656666670701011110700000001121
2232445454555546554334444546566676700000111107000001021112221
22222223243455655656556545343444556666667000001010007001011212121
222344655545554543443445455666677000010101100000001112221
2222244454445545555434444444656666670700100111000070100112121
22223224444655465544344454555665667607711011111177007111221
22222344676665654443321121121212446555656555444444456666700001011077000001121
2333444545544434544566666770000010217700710212221
222222234434555565445466666660000212107000101
222223244545455665434455465666700001110000001111
2223434444554655444444655676000011000707000111221
232445545454434444455665666700000002211770700102122221
222324345766666655533122254534434545565666660000001011077000021121221
2232455444455443444446556666700000101000707001122221
22233445545555444344546556566660700011021107000010112211
2324465666554322121224555533434445656566666700000101107700010122121
222223335444555543434346546566666760700011017770001021121
22222233654445555443434445656676667000010117000011011
22222331124444556565443454565666667000101010700111
23233432444554655543334444444455566666676670700010111776760000110111121121
22233454555321111224455556555434344344454546666666766767000710021211077707001112112211
23343445545555553243534454666010070765565553366667000011121177670700111121222122221
22222322343344455454554334344344454546666666667707001011011767667660700001002111121
222224445322444555554333433444445566656676667770000012110767770700101021212221
232122322444445556555655543343444444556666666667767700001101221217700000000211212221
22224322444445434565456545334343444444446556666676777070000010121177670777171011121212121
222222243444444445554653332334443446660070777675455554466600000111177777070010102112121
22233432234455455555334334444445666666666666000700100110776770700011121212221
222222223444667676566555434333232111111100024354455455543324344444455566666666767700001012117767770700001021121
222223432132454654555554334344454454656656667767000001112107667670700010121121221
222232344344454544565332333343445455665666667677700000001107777700000011112221
2222344345554454545432333434444454556566666676677700000011211076777070000112121122121
22222234432100022344455565665665665444444455656565656667600111011121100000001111221
2322444312101023454555656655665434465456556656666667001022110212100001001211221
233222245565655656556534435445665665666676000111111100010110211222221
2222222444676656655544331212121121210123445565655656656534444445556565666667001010111111770001011121
222222243434545656565665653432455546655666566666760001111112110700101121212121
22222222232366675665666655554443122212212221221212100023244455656566566656566665344446545656565666666771012100211212170000010121121
2232431022234444554556565544444555555666566667010110111211767700000111121221
222343444444555554344545546655656666700101011111076707010111122121
22223344445565656565434444545555665666667700101111112107000010121212221
22223431022435545655665656655344445556565666656677001110211210070010121211221221
222222312224444455456545332444554565556565666666700000010111217767707001121221221
222222222223234445556601107675666665433333334322121210000022244444454565656544444555565656665667667600001012112122212117777777707001021
254444545555555534443444544546566566666767670700011121211121107000000101122222232121
2224445453210222235655555455343434354445656566566666666667000121011121011070700000101111221
222222233234431010013444454454654565433434444556566566666665676666700121211121121100776707070100021
222223234445565565544324444455456565665675766770110110210121767677010211212122221
222323123224444555655656534443445445566656667667760000110212112107076700012122121
22234466665656554333222121212444655654344444455656566656667000000011121107760770012121122121
2223334355554555455544334344546555565666670000001101117777607001001111212121221
22222223324334434454556655434444555656666666666677700000010212121170000000210221
22323243434446555343434444444556566566665666666666666700001011112122110766666667700021121221221222111
22233454445555433234344445656656756767076001010767767001021224665432232232112101100766650121
2222222234334443545555443434444455565666565666676667770000002172217607000021011112110221
2324444444554656556544447543225344546556766607007101443443322100010707654500761010077700000111222213212221
31222433132323334444444345344535555757556675657575667677701070001111210771170111021
222231223232334435456656654721113100767546656675666766653431321432222554433445455666566665666667676701224322222221222110766607567756556567217021002100101131012112221
22223244433444436556565543444445565665565666575676700001011111121070000100121112211
22332324445455454433544456556656667000001111107776077070122122221
222234457765553343331111010023445454555443444445566566666677100111112177770700001121
222224466665654343333211010101002344454554545444344445556556666666000001021012111767707707011121
22222333435445455445444444554546556556677000102101111111077070770001121
2222224345455455556544334444555666667700100211000070000010122121
22222224444345465434344445465565666656666600711021121111176776077000222221
22222222234454555455434344445565666667700011011777770000121221
22333224444555455544344445555655656666070000121112100707700701021121211
2222222324345355455556534444454556565656656667600000112211121210176777070011121221
222224344454555543434444454555565656667770000011111111170707000121221
233443234545455544344444565666666770010111217770700001121211
2222233102254444555455434434444545565666670000011010117777700011021
222344465460075554444431211211101444454556565544444444545566660700000101101170000000110211
22224546557665544343211112145455555444354445556666770010110111707000011012121
22346546655444432122112102110254455456556554444445566677000010117070001011211
232444565607555544543312112112254565565555444444565666600000111100000000100102112121
223222446766555444432211235556554444544554656666676070000101121212100000001111
232223343466077665544444321322555555444545556666760700102121121000070000001121
22223223443445554565344453665345656667760001212171100077000001021
2223224444345655455534467654671001707070001012121
22222234434444454555654434445555656666770001111111700700000010121
22224445656075555444443121121111010034454455565565544444544556566760700101111210700000100121121
222333345455566001110766555454444434321112112245555565565344444444546656766070000010102110000070000100011121
2222436655554543212101111124454545655555544545666677000021221107000100111
2222325666565555443312221222124565665565655455444445454466760070000100211011100000001012121
222222234546565322225656545554444454455545666760700001001102111110000000021
224446565555434332212122112254655656555443444444445655666666700000000101111170707000011211121
222222245665665653534432121212122255565565655434444444545566676670700000101111100000000010221
22222224656566656545434321122112121221122255655655655655655433434444444456566666770700000001011010700000001021221
222355656665656554343211121212121365455656555554434344444455556567666770000000101111117710700111121212221
22224344546701765665655534433211212122456565665453534444444444545555667677070000001000111111007070001112122221
22222225566566544443311212102112121212545556556555555544444443444445445656777700000001001101070000700001121
23244665656554443211212121112114454655556556556544444444444545455666666077001710100011112100000001010212121
22546546554565555655654544444544554545466666667000001011011111110000000000172122222222365665665444443121112112111211
2222223465666566665454443112122112112125456555565565555535444453545465565676676070000101111112121000100001010221221
2222224434565343444456556666671701001107000021
222323457766656654332210225444334444556656666767000111170071011221
2222222345345655444444546666666700000211070710121
22222234445553434444446556667670000001170000101
222222222344555553434444656666676071001176771000221
2222223443545565334334454565666676770000210107007001121
222222222234445545433344455556666567576070000111076007100121
222233445445443234444456566666666760000111176770001210221
2222222344566545465565324323544556566566666677000101211070001102111221
32122344546556556553234435445656666666667700011121000000001212212221
22222234434455465334444455566666767710001210770071010221
2222343455455544334354456566666666070000111217700000111221
22322444445455543444545565666666070001011110000000012221
2223444444454445344354444546565666766000011001111070707001010221
244444445544546544334344445465666656676771000210111170770001101212231011
2234444444545444545453434344454465656666670700010101101070070001000102122101
22444444544545545444434444445565666567660071011011110777700001121222346665544333211001100010000
224444444444554544543434454565656666666700011102113100777000001012122221000
2234454445444444454443444344544445565666666000001110100017777766000700010111021222221
224344344444444545534344444656565666766676000110212121777070070010122122321700
2333443444444445444545655543344445565666666666667001011122211777076070000000112222224366756554443343332311111101000000007077566601221
224344445445455555543443444454546565666667070001011011017776707001012221221223234310100757021
23334444444444444545443344344344544565666667670701000111100767767070000111221223217700000
2444444444444545453443344444465666666667607000111111077000010101112101
222223223344455565553444345656666666770011112100770777022331001
222222324454455554554444455666600002101070007012434321101017756600
222322343454555655545565666761011212107007001121
22222333445565544455456666666700001122121007602101
222223243444544555655545444555566607000021111100766022122322121010776666536600021
223212222324444455565554444445566666667700111121210707010701
22223233253454456565445445565666770701121221007666540002112232443221001776756000
2222233434445465465544544545665676700000121212100070100001
222222232434445454555565555435445555656677000111111107070022434431121111101000766656655545700101211
22222322232232334344455556566656534444546566667700001121170760222333221212211000777667666666654600001
23223243445455555655434454656677600000211170700012110121
2222222444445554556555443445456566566667000111101211700000000121221
22222333454555656555444444454546565666767710001011210212107070100121221
22222224434455545655565654434345656566666707001111211000001001021121
22222323435354565556546554344535556565656666770170111100010222170000011211121
222223233444445556556555444444554655656676770100111121121000000000010121
22222223344445555556565554444444455556565666677001711111011121107017010111121
22323223234445555655655655434444545455666666667000010211111110700710701122221001
222222323344444454555656566553434444556565656666667000110111102111700000001011111
2222223233443544555656565656553443445465566666670701711121101000100110110101
22222332333444454443444454656666666760700001777700000012121
222222232344445455554434454545666667000101011070700700101
223232444445554543444455566666600000111107700700101221
2222222334455454543344444445455677700070001076777000011121
22223232322456565554344444455567607001100076771700002221
2222222434544455454434454655666707010101707000000121
232324347675444454444444455666677000100177607000122122221
2222222322324456554544344345445556660700000101777677700001221
2322344445455554344444556666667000011100770007011122221
222222223454455655534344555666767071002100700001121
222222234444544434444455566667000000101777700021
222223233244455565434444546666777000110770000011
222232312354555554435545566666600010111000700011
223222223233444444565533344445666666666667760000021176677700010121221
223444345445545332434344454566666666666677607001021021766767707010112121222222221
22222222323232434446545465532434343444666070077077566565655544366660000101221121766767670000001121221
22222334322323344445454333434445465556566666666666666777700000011777000000010211121221
222222222232233343353555323343444455656666666666666666666070010111217667667070001011121
222222232344444344444545553434445455666666666760000011121776767077001001111121
222434434333246544444545334344434444566666666666670700001111117677677777000010111222121
222222223323334344545556543233434344544565666666666767677000001117667707000000010211121
222222223243444444454544333343444554665666666666766770000111110766677700710001121221
222222233243232323443545432234344445556565666666666666666666670000000107760707000100111212221
2223443443343344545445555333343434466666662210777775656543326666670001102177776777007000001021121222222100
222222223223343222323444455323444444444546556666666666666666666707007010017777070010011012121
22222223222334333566566565665544344546556666660700000112107707000112121
222232323234656565565434444555556656667700010111210177700111221
2232233344322465556556565434444446656666676670000121212210700001700001221
222232344445455555533444444565656567666760770001112121070000101112121
2322344444344656565343443454466566666766070000011021107070010112221
2222222234332322546665567666553334445535465556666677617070171011021177171021221
2222232232434344356656553444445455556566666767700101111111767607001021111
222232132323243446675445565434434445465456565665666766070000100111117677000101211211
222322343444554656544444544556566566770000001021121007670001212121
2222222224334334565665665655444345444566566767607010011110000000101121
22233244655565532434444565666666667670011211110000021211
2222223234346755655656554444444566566666700010111217000001121221
22223223244665556553443445456566666670001011110007100211
22223122435455455553334444655656666700100117777700001211221
2222322234545455566554344444655665666677000011021100071001021221
23444466654555565544444465465656566600001112101070007001111222122232211
222224312243655556545534444545566666666600021021111070000010211
22445546556565655343444456566666677001011111000010211222222221
222232431224455556555444354454656665666700010111210070000010121
2234466544665544343554656566666600110121107070001212222221
222222322434665555333344345465566656666700010011011770700101
2222222234444655555555332334445466566666666700002101007077000011211221
2222222235446555565533444546565665666670011211117070001011221
22332244545655543444444666666076007110007010112121
222443122445655654543444546566677000010107000112121
2224322222434454655656534454656667676000122170070101111
22244310224445555555444445455565676070000111211700701012121
2243312245555465456553444454566666760001111077070010212122121
22333224437555565454443444546567676000001010700000111211
222223233445556555434444446566666766776761012121211000000111
232243224445665655444344444555666667676700001112112100701010221
23222234445555655655344444456666767607002111210000001011221
2223243345654654655534444444555666767700101011110700010012121
222244322334545565655444444445676667677700112221100000001101
22222244433444565665444344445465666666677670010121211000710010121
22223243445456565543335436556666667667700110211070001121211
222322343545565566565534444454656666676700101121007000001211212221
22222433344455465556543344444566566676667600001210211000700010210121
2222232334445556565653343443455667667667676700111221100000010121
2323434446545654554444454565556656771001102111000700701011122121
2222222323311212554565555556555544554455665666667010021111100000000101211
2232344454565555534345545556567676001111107707010001211212221
2222223234455465555544444445654565666777010012111117077701112211
222223344445455554434545465555666670000021101107007010011121
2222222432435555555434545446665666677101102117077000012121
2222222223554445555553254544455565656677010210111107071070011021
2222223223244555555555554444444546666666666710111021107000001000021121
222222222444435655555655344454445665656666670002100111107000770121212121
222222232343222345565666556554445445446565676076001011210007700001002121
22222222324444454656565654354444456546656666707017210121100007000211111
22331022344545555543444444565556666666600001011110107701102111
22233244446555334444465666667000010007700102121
222222234446676666532445543444444465656666670000011110700000121221
2222222232444444544444465466666667000111177770001
22222323434667545453343444455666666600000001070700011021
22233243444555544444445556666666700010111770700010211221
2222223233434666545434444555656566607100210176070700001121
2322222234666656666666655432322111222454544344445465566666660000011017677700000211222221
222322324344565555333344454455656666670000010070707000010210121
2222334335454533444344655666666770010107677607010121121
22223232334665545443434445455655665676000001101000777070001022221
2222222434444660766533445543444444455466566666660000110101707000101011121
222222234344465446565434345445556666666770001110177077011121121
22222333331111213455555565556554433434455556656666667707001011117007000001012121
22222223334325456555555443444444556565666666770000101111107770000001211221
222222234324445655555654334344445556656666666700701001021107070000011121221
24445555456554654543433444455566566676770000010111707700700011221222222232311211
224444444444465334444444545565656676676700000011101070000001112212221
2222243312354555654655456533434344444554665666666677607001010210117077007001012121221221
223232322445455565555553343444445556656666666667000011011110077070000111211221221
222232443122444556555555343444545656566666760000011100707070010112121221
2223235566666556556533331111211122244555555543434444545556656666666070001001110177707001011112122121
2234334446556543344345455666667000001001707707101212221
223443455456556565544444545565666770000011111770000112122222244443111107601
222222346675656534343221011110002224444554555565543444544446566666677000100211110077070001121
22222435455556555544343444445454566567660770070100111107770001122222122111
2222334444446555565566544434444444546666667767000001011211700701011121444555443221212111110766666011
22223444560176565656565533343221121111111170222444455465456556555344434445466666666666700101111107777070101211212121
2224333100022244445545555455434344454555666666770010002102177670700011111211
224544555455565555544444354546566666767000010121121000700001002111222345755545433211111110111
224454454545654565544443444444546566666677000001110210707700001212222222231010101
22444445545556544534453555566666660070011112121770076010011222222331010
244354444554555555543434444455456566667707010101011177707010012122222233101100010
23243445554555443344434444544556666666070000000010100770700101111221221
22243432455655433434444445454456666770700000001117676677001121121221
222232444453446556555334444444445465565666670700001010210110777700701112121221
22222333444554555453434454444545455566567600070101010110101776707070101212121
22222234343112454465446545546545534334344444454554556666670007000000110100176777007000001011121121
222233434454545555544533344444544554565676070000001000117766777000010101211121221
2222222222344444455556556556554323343534454454555566666677000000010101000707000001001011211121
22223344310124455455455544443444445444556566667071001001001010767770000002112121
2222223344344455555555434444435544545556566670000100010101110707070007010111121
222222222533132223555556553344455465666677700001176777070102121
222322323445555465654433445456565666666770001012101177000011102221
222324324465454075655454323232344445566666676070000007770000000112122221
2222233456766655655555553443211111012112212344655655565465532345666566566760002110770100002172111112121
2232324446566655565566555434344435555666767707071101107607010211121121222222221
2222324534444655555655534443544566656666676700000111211770700001112122212221
232222222244455565555655565432334455666666670000010000000100101112221
2222222224432345544456554654455343444444445555666666770010010011011770770070100001101221
2222222233332222222466565556555555545343344344444455556666667700000000100101107700707000000110221
222222324433112121454555555455555554534444654455556660700001002101021000700700000010111
222222323324343234465565555555434334443544555566566666076000001710100111070770070710711012121
223223244334344555565655553343434444455566656766767777001011111211700770000000011212221
2222323233244544456557555444444444444455555565665666760700010102101111111100700070171001121
2222223234344431221344656546556565554435344353545455666666677007001101011110007000700000011021
222222233344445566556545653434434444444454556656666770700000100100101110007000010012121
224555465455555545654545334324344545656666666670000000111107000000101010210112234466555545445444311011110210121011111
22232344455455555655655555654454455465656667001011111210700000010001101112232221121
223444677555555455544444533111111210211111111075660021222335445554655555555654655553434444446666621210070076556555443266667100011211110000710001010210102110221
2222222434446777665565545544434312102111212155455555543434444556565666670000011021070070000100111111
2222324666565665655545445433112111121121211214654655565555556555433434344445665666666676700001101111100000000101011121121
224466656655545445443111211212145555655554543443434444556666767007000101101000000010101011212221
22223324467675666565554454454344312111112102212455565555555543444344444454556567667670000001011101110070000000010011112121
2222222232434665444444545654543443443445456666666676707000010112177677700701002101221221
32122223233344554445555555334444344445566656666770000000111117776070770000011112221
232132133233453444454555555333434444445566666766666770000101211217760777070700101011221
22222322334344444454555655333434444455656666677770001111176777770700000011112221
22222222322332555444545565544333443444545656666666077070000110117677770000001112121
222231333435544445456545533433444545566566666667070100010121177707000000001112121
22322223324344444556555553334334434454656666666667677700700011110767670700000111022221221
22222222222233334344444556556553343344454555666666667770000011121177667677000000010111
22223333454444454455465655333434454545655666776700700010111077700070010010111212221
232343444444545555554344334445456656666667670700010112177707070001010112122222211
22234445445445545555433434444455556566677707000001101177677770000111212212222222210
2223223334444455455545343434444455656666666707000010021117777707700000211221221
222232334343445445555655433343434545565666666770700000100107777000700101011122221
222366532345555556544444566666670101111700110111221
22222234577554443555555444444455666676000011121000071001012121
223447655444311211122345656556543443454566666677700111121070001011
2222232445466555545434545445655656666000010111011117000110121
2223222347665455555665554444445535565666676700101111111100001011221221
22222234447767565656554544311121102235545655565434444546556556667670011012101110000010110212121
222433445455555435446545555546565666666670700001111121110001011112112221
22334432444455556556555656554454445466666666660001111121000000000111111211121221
222222324445555654656546565465444454655665666771101121117000717110212112121221
2234666565454544312111111102224454565555654653443444556665667677000112111000000010112121
222444655444443222122211010775654600101222234344445456656656544446666777010100000000101
2232232324465655566554344566667717102171717101221
2222336566654453222221221170211234344655665666566655344466667070001101700111
22224554444311221110122234555565665554346666677101000700010
22223233444455565666653544466666667070112100007110221221
2222312322344455656566554344566676700001100100011
223244666565322222222222112325456666666666666653434444566667700171010001010221
222234666545432222122121023346565666665666543444566607601000100010101
222334666654453221222122102244465665665666544436666770001100010011
22322344577654443221212121222244566566565665544434566777700111007001001
22222343222232435565665665665544566676700021221700010110
22222223312122233345656566665666655344345666677010007070010121
22232222223334455555656655354456566767771022211170700171011
222222233454545465455444445445556767700000211211100000000000
3212312444455545554534444445465556666607000101111211007000010110
2222323455455456554344444565656677700110121110701001011
223454544555455444454445556666660700011121111000700700022222331100
22243344432224466566555554444454454656601111007556555545660101111221011007070000001012221
22224333455456556566554444444554565666667071701011121121100710010211221
2222323323444455555544444454455456566667070001102110221100000700000000
235435444546554444453545555465656666077010010111112112170700011221211
22322334445454555556554554556565666667700121121222121170007000010121221
223233355465655654444444545666670000001101000000121121
2222323311023345556556566543434444565666666700000010110700010121
22233444444465565565554444546566666676070011121212101000011011221
23223443110122345455545554544444445656566700101011000707000000011
2223321223445555565556554444444465666676000001111100000000011221
2223223345660076665665655444333321212121221211023445656566565655543344445666777000100007770700011122121
22233224446554655553444455656666070001012117000011111
322221243455556565565655344434544465666766777000010112110000010122122221
232343211123446556555553343443455666666777000001011170000011
222222234324444555565444344455665676577000011111170700000021
2222234432235555655534344556566667600001110170007010211
22232233445554655554344445445656666767000110111117000000002121
222233334456565656555434443444455666676777000011012117001000211211
223446544555343444456566667700107070001112121221
2434444677565324444433345565666666000001177700001212121221
22345666532345554344345556666660700101177000000122122221
2222222232444444445443444445666566700010107677770000011
2222222345445701765566565533210213445544322324455656666667000100077007001121211
23433236667675555331113344554434434454656666667001000101077070010121121
23445535444532234444456666666600007760070010111212121
2222222444466554454453323445656666600000077677700000112222221
222345654444554334344445565666607000010077070000112212121
22223444467765666556543332100112344544343444566566670000076707070010122121221
222222222456656544455445334344445656666707000101777707000112212221
2244545555655656556555555566600021111000001001121212244556654544311212111211110
234565656556544431212212221121144555565656656655445666666601111100000110121212121
222345655655443212111211111022435545565565565565544545554655656667000101111112110710010110211
22553211222122254656556565655654534545546546656566667171002101211121017101021022221
224546555665655665565655445546546556566666171710111121212121000010131454532121221211212121
234444554655555654555556545455455556667000001111121001001222222102101211111001
22233656656555554432212121121123444655656565555554545565565666660010021121011211107007010101121221
22233310221222446555665556565656545446545655565656566567710111211121121211007001102112221
2223456655655655565443212121211121112111134445556546556565565565654545565566666600001211211210070010111121121121
2222434336676765444444432121121121010123445454655565566555444344444445466677770707017101211000000000000211
22222243344331211224545655655656655454344444445455667607670007000011021210000000010011
222233343321122134565556565656566554444344444544456666777600700000011121117000100010121
222233344322444545555465565444444444444444445666677777070170000011211110000000000011011
22223655654544444343101211111000102434445454555655555444444444445445546666666070000000101101111000700000001000121
222222232435667766654444444443121112111110224444554556565655654444444434445445656676677070700010001121121000070010000011
222244335445454554443434345656676667000001117777000001112121
232323444545455554344344444456667760700000101170700710012111
2222222444445465456556555434344345666667670000011176000001101112121
22224532244455465545554344344465667666700000211107770710101211221
22444445455555444434454666666700001210107000110121121
222232444454556555655444344534565366676760770011021121770771010121221221
2223244544455445455445333444454566666677000101011007007070110121111
2224443445555654544344434344455666667007001000101077700111111211
223445454454444333434444565666676600000011017770000111111
222554444445545453443444443456666766070000101100760000110111211
2445555665554334312111214465456545534434443454466666676607000100111110707000002101111221
2243444445445455565555434444445666660211000766554544666000011112100700010000111111222221
222222323222223344555465565654443444545466666666660700001021121107770700000121
2222323234454545555343444445455556666667000000101110077700000111211
2222222324666666565554333232221012344544434444454555565666660700700111111776776707010101211
222222222233467666666656554434343310211001123444455556554344343445666666666660000002101100700700700100121
22222222433245545665755334443445454546556666676700700100101111707000121121
222444545555654534344445666776607002107770010222222443121010001
2222434454455565443434566666676700121700070000012222221
22222435435454555565543444456766677070211177070012222223450756653332212101101000765466011
22244444445455455533244446567567670001177070700121223134450765543314310210010010700
222344445454545565443343344466666766770000176767600122222236653321211011010007550011
2223444444454455655565432434446667666700001707700001221322466654434322112110011000075650011
222344444445454655546544323334356666667607700107607001021212232311001000075601
24343444454444445554565334444566666676600001210760770001022212243226656666543333311110110000100000700
22444445445556545433333446666666607660001107770010222222243101100071
2444354444545455465566554343444666676607671022117770701212222334766665433321121101110010010000
2234444444444545445455555555534343454566767660000021077770700121232222343111101010100100000070
244445455455555555556544433443456667667670001117770010221232223111111110110100
234444444444444554546554444656677676002221107777700021222323244676765443233431011100100010000700
2223244445565653243445556666566676600710111770011122222121
223223444455565665434445465666666667660000021117700001212122222221
222223344554565655334545656666667667700002221217707012112222221
2222222222444454555434444446565656666666677101102117670001110211
2223345454654654334434545565656666676070000111210707001111212221
222223444454556555654434445454665676670000111110070000011121221
22323443544555565544344445465566566766607010011110170700101212121121
22222334545546565532344545565656566676670000002221217770701102122212221
222344445555565655444445455656656676070010111121777001021122212212221
223234444545655655333444455656666666677000111177700010121221222111
2243444445545656565444435455666666660770101121210770700001102222243112221
22322232344555555654344445455656666667600001021211077000010111221
222222224344545555434445556565666667600001112217767700011122221
224432344555655553434455666666607010111100100101111
22445344565555444334565666566071001110101001011121
222243246545455545433443344445666677670070100010100000010121
234322122344546555556555554444345455666666600000011111770000001111211121
222445444545555554544444444455565566660007010111011100071710101210211221
2224545455555554434444555565565667700101111102177000002112112222210
22223443546545654555444345445556656667001010110210707000111111211
2234467565555454431112346555444344455566566666667010111211111000000011012121
22234665653346654555554435354465655656667000117623102101117001100211211121
22456543235665546555543344446565666666666000111210217000010111212122121
2233234555555555554344444545666666670001101111110000100011121
222356656556555444431121111211110124444555655565555544444444656566607001001111700000001012112121
222222232233343223224345456566543444444546566666676677070000100007076000000111
2222222233331232444565665656655344444444556666666766700000011100000000101121
22223233431212223344455665665554534344454566667777000000776000700010011221
222322332343122122324444456665656555544444545656667770000010107007000700100221
222233345344565665432344444555566666607000010017767770011112212221
2222222222323344445666553334444455656656666670010010100076707000111
22222223233444565565565334344446666666666770101101700710010121
222222222344445556555533443544655666667700000102107607707101212221
2222222224345444565365332344545656566665667700701102117770701012121
22222322345465544566543333434444546565666766707070010010107770000021212221
222222343445656565533223244465456565665666666770000101177700001021222212221
22222222332344555556553233344465666666666700001076777000001121221
2222222223343244656565654323233444556666666607000000077000000011
22222222222232444556655654333434345456566666667000001010017777000011
22222223223345544456553444445565665667600001011117607770001121
232244554444555545434445445566666767071011111077707000111221222221
22222223243535455654656554444454546566677617101021017070700011121221
222232224434445555555544444344456666767700001111000700700011121
22222323434445455555565443243444444446566666767770000101011076077000010012121221
2222231323443444654565543444454556666667700010111077700700011221
222232444455653555453653443354445546676707100001000776076077171121221212221
22222222444444545445453333443444444556566676677700701001101176076766670001102122121
222233224445455565556533234444565566666677070011117070000111112121
2222323444445445555343354444544565666676700000101101007667777700012122122221
2222222232234454455555545554334445454556665666670000101110210077776070000111212121
222222222444465454554554553444444445456666667607001110111000070700010012121
22222324345455565665543434444465667670700001010700700021221221
222331221222332444455565666554434444455566666776000101111170000007001
222223232434545555554444444455546566670700001001111100000000001
2332232243344454554655654443454444556666677600001010110107700000000012121
22323435445654565444444546656666070000011101007001121221
2223344444555554444444556666667000710111107070012221021
2222232434454555566544353544556666777000010110210700021111
22233434445544555555565433444445455656666766770700011011111000700001011212221211
222222444445455554444544456666076000011111000000011
22321222234444454555455435445655666676700001121221000070000001
22222232434545556555445454565666667000111211100000001021
22223435454545545554444454655666776070000122121100000700002123211
222322323445454465444444454656656766770001012121177000000021
2222322132444344535565655434354455546565656666700700010011211107000000101021
223233332344444455565553434345445556566567677707000001211217707700001001111221
22233434454544444445566566666667700101010000010112221
2222222333444445656532434444545656666666667070001101770710111111
2233435445453444444555665666666666707010102176070100121212122221
222233244444546565653343544555656666667071000111170700101111221
2232334444545554344454555566566667700001001100700010110212221
2223233444455553253444556556656666667710000001000000111211221
22222222234433565654335435556565665666676070010101700000112121
222334354454543444454556656566666767000001117000010121212121
2222222343444455653234444555656666666770010010700000110121
222223343445443344444555656666676070007770000012101121
222232344444546555344444565656666666670000101011001000111221
22222232344344545344444445556566666677000000007000001011021
222222234566666665654443433111111124544555555444444454656666000000110110770707000111221
222222244654545446546545434445454656670070010111007000001102121
22223223566666656655554432212122122214465656565656653444445466667600000011100000010210212121
22222223222455655565553444445455666660700011110170700001221
2244554655555555324434545666666770001101707001012212212222211
222223224455455654544444454556567670000011111077000011221
2223224446545655555443354444656666607000001022100007100211211
2223234654566544653666532553434545465666667700001101211700001101212121
2324656545343111112244555555443444454546566676700000111110070000001121
2224444444555555444444444654565666670701011011110007001010211221
22223453445655455534445455566676600000110117000011112121
2223124444555465545534445456666667000111107000001211211
2233444454554565554444556666670000112110000000010444344443121110107566600121
22222334445655656554444444656666660000101111000700122121
2222223244556556656555444444545666666670000121011211100102111
22223445565546545543443545566665660710001211101000014443101700111
22344456556566556554444445656666767001112121010100110212222221
222232344445465555565544434444356665666667700101210121010000004344431111110107666666602121
223345545555555554443544565666667000111111000010001011232111
2222222243455546565565444443546566666607101011111001000011
23444555565456544454455656566700011121111000000010124321121
222333454565655565655534344455566660700010101000001001024445444311221112117665565701011221
2222244455445455455534434455466566666000101210101007700001111211
22233455546545554544445566666700011112100000000121221
22222245565555555533454454555666771710011007771112121212121
2222222344445555554654444444444544556670000010001000077770000012112221
222223232324444566565555444444454455456660701000010101777760000011021221
22222232134444445455453445454546565676607000102112177707000711021
223334555554553444444454455466666000000010011000770000011221221
22222222222223444666544546545454544444454666600000011077677000000010121
223453244555555553434445454555666607000100101177607001011211122121
313223223565465565434444556656666700101110070000012221
222222332345655555344444565666670000101007000000221
22222233443111123446554655655654345465667671011000007000001
2232222224346765565545444443454446566666770001010110000700012221
222222223322344665555434444454565666666070001010211007770001
2222355665654322112121224456565565443444454566666677071000112100700012121
223312224446565555555344344455666666707100110071760000121212221
22222223312244456555554443545656556660000011010007770010221
222222223321324446656556566553334444456666666760000002170700000011221
2232243443455555654343444455465666667607001001011107700000002122221
2222222344312244555556555443444545465666770010001110007000000011
2222233222234446076655655543443444556566667000000101107700001221
23244310112234654554655565656554444454556566660000010102100000000102102221221
22222444431122235466565655545445445656666666010110112100000000111
222232345322224465666665554455465666660000112170000101121
2223444676655543321211211222446556556554344445465656667600000111117700000021121
2222324446577656654443331121212110213444665465656555444544565656665666710011112111007700000112121
2223444546007656655444433221222222245653245445001766566654454555566666000010021176212100070000101212121
22222344443211121344456656565565445545556666670002110211070700001121
2222344323245566565656544445455655666760010111121000700010121221
222333222455465566554444444546665666666661710111110077171011122221
2222233454553211021223455556565544454455656666676701111211100776666657122221101011
2222344567565553323121121211223545565656545344454455656666670000011111777070001021121
222223322444565655544444445565656666666000101112110070000102121
2322334554445333444445556656666667760700101111770700011222221
222222243454654533334445456565666676666677700010211007102111221
22222222344445654334344444455566656666766670700101111070000001221
2222224432446555555554434454555556655665666670000111111112117667667000021212122121221
222223545445545555534354446556656666660700112102110776777011122121221221
2324445456655556555443444444656656666667700101112100077171121221212222222100
312222235345456555556544434444454566666666677000101111210777007101212212221
2222222222334444556654334444455465666566666667667700111212212210776070001121
222224444465556556556533443444546566666676770001110211070770012121221222221
3122223233444545434445546556566566656676700001011112177700112121
222222323334323454444536545565566566666766677070100111170000012121
2222222222334345655666543444444465556565666566670000101101211107670701021221
2222232233344311225555556555655343243344566666666700007011707707000010002121
22222232224466656667666553343231212121212225556565553334324344546565666666667700700100101177770000012221
22223222323233223566566565655553434343444445666667070700000010000700007000121
2223224443444444440076553443434444445456566666770700000100101017700000001221
2222222233322144465565565656655655333233244444466666666666666000000010000700001000211212211
222225435655534444556666700010100001211
222544454654444456566670001107001121221
22222355556534445566660000100001121
2223435565455444544656770100170701121211
2222445534656655334444454666667000010170700110221221
22255446554444445566660000111700121121
222246554545534445546566667010111070001121221
2244445654353555566670001110701021221
2244555555444456566660011117071012122221
223335556565554444656667001117070111221221
222244445554544445666660001107000021211
2224454456554444565666700111007010221221
222445665434554344445556666600001000700111121121
222233322443566555565544444456566666676001012110700700101212121
2222222223223256565556555444445556666670000021110007000121
22222234324465655665543444455565666667676007021121221117000011221
2222434667656565553433311111112102224555555655554344544555666667001010211107776000011121121
22222343324456565565443444546565656666677001111121007070001122121
223444311022243456556556556554344445656666767677011211217070001112121221
222232323355556554444455456566666670000111211177701712121
2343224445555656555443445465566666667000111112100070100121121221
222222243446532555655565434344566566665757660710211221107607010012112121
222323324455665656533444445465656666676007110211010000710121221
22333444445555565556544454556565667600102111211107000001021112111
222232345546555565454434544555665666700000111117777000112121221221
222232232343323454655544344454565656666676070011021111076767700000121
222333433222232566566656656565543343445446565666667000000100111007001001102121
2222222222233344454655565444434445455666666767700100111776760700010212121
222222222323335465565555433434444565657567670707010101076070700112121
22233343465555553343444455656666666707000010101070070112121221
22222333332465566565555333443444475566676767700001010070700101121221
2223233444465566555653433444556656666667070100100767700001210222212212221
22222222322234554665565543334445556566656666760700011111117760700121221
22223234334455565553343444546566566667770001101110770000110121
22223223233436555656544344445565665666677000110121100770700012221
222246665653443222145655444455666600001111070000121
22222334445465565544444545566566666660000112102212111100700011
222223344446556654353545666666760001112111717101
222244455665444344544546656667670000011121210100121
222222443345545654544443544655666770001102100770070101121
22223243344676544454554444545656666667660001112212121707010000121
22222334445556566544344535465666676070001101221110000011
222222344465556565545344455465666660701001112100770000022222221
22222222344445655655665543444446566666700001011110000101021
2222222344445555565654434445566666707101111700000101121
2222223234455565565344445465666677000011212170001001
222333455546556544444456566667700011121100000110221
2222223444455465566656544444546656766707100112212100000112121
222243435546565665544344445566666770000011210100010121221
234343211001224445546546555655554453444536565667670170012101000070010011121221
223122444454555565544444465566677000111100000001021221
222232222444555565655665444445465666607000111211700011021021
22232344545565555655444444455656766700001121117000100101211221
222433100234545654565565545435556656767001111212170170111211
22222245321102245456556565655656654345354656666666000111112170010101212121
222222233222444655543343544556666666660700111007607170101
2223443103444546554344445656666777010117670761010212221
2222223222235455553233445456666666676000101777000101
222234334345543334445566666607007177600070172111
2232323454555553234344556656666666700001100700010111121
23433346565455332334454556566077000077667670001011212121221
2222234322434554653244445456556660000010076676660700011021221
22223343335556533344455465666667700010017677601001012221
2222434431023445455554434454465566666700001100767777000111212221
2222244454311101324445555653334444556566667700001767676000010111221
22222324343211243445665655333444444656666676676070110017676707001021221
222224443444555543434445655666566607070011011070001011121
22233344544543333444465656566666670070000117770000001222221
2322446665554453211211110022244445456556546554334344444456556666666670700001001110211007001000101221
222223435454655554655545444454455566566667700002111111100070000000122222243566544432112101110770
222445545554545545454444445456666666001010100076077071011121222213221111
2233545546556555554655455454444466666661017017707007107010102212322232443112102111101
2232434454544546555565455556554433344454655666667000010000177070070110011212212334466565655444331101211211101121010107710
232434654545434434454556566666700100111007770011121221
22223212344654655555555444444455556666667600021002112101077770001121222221
222223335655565455655444444545566566676607012112111110077010012121221
2222323244555456543544445456556666666000111111110007617010121
22222232466666665665654343433211211011124445555555654444444456566566667000010112121000707070001121221
22456566565553433243311111210111125454654655565455353454555665667711011021100760776000001211221221
2224445346655556565565566554543555556666670017210221010707000110212212122222122234311000
2222223323222334455545532333434444566666677700000007676770700701001
222222223221233544554443333333444466566667607000070070767776700000
22343444465454432324323433444446566676767070700007770770701010122221
22222232232233446554454433333443445456666767770000000007667670700001001
2222222223222122434344676555455333333334434566666677670070000077677770070010
222322212334444654445443333334334455667667700700700077767777760700122221
22222232222233444445454343333443543546666676070007000007776776070700001
23344444444545433343344444444666667677070700010107777700000012122221
2223323233445553233334433455666677677070000077707000001
2223232210333445444754533243334334344444566676677707007000000076077770070021
2223222322333454554443233343444456666677770000007760776070000001
22223221333432446755544332333324444446566666770700700070777070007010
222233322233432467655554333333344344556666670770700700000770707000001
232234444465566556554344444566566676701011110070700011121222221
22222233444565565655654444556666660001121000000010121221
22222223234545655465555544455566666001012110000000001111
22243444545455454444444445566666700001011076767760001121211222121
22222223444454545554544444444555665666770101111110777770001111211
22434554554556554534444445656667070100107070000011112122222121
22234444435556555543444554566666007101002100770001102121121
23234446555455444344445566667000011077000000101122221
2232354455454654555444445465665666600011102110077070011112112221
2222223445555555554344446556666670002101107000001112121
222222234444555546555344445556566666760001121121070700000111221
2245465455554654543334455565656670001010117707000210121212122221
22334466560176565554443331211211211021122354565655656556543334455656656666667001011111077070001021212221
22444654565456555334434545556565666667000110011117670001121212122212211
23331212346556554556533343454454565656666070000101011766677000011121212221
22222223444455655655434444545465465666670001001102100760701001121221
2222333324665655655533443445456666667670000000110070101121221
2245455656566555653332345555656666666666700110111177710102122212222122222221
222222234476766566565554333231111112445555433445454555566700000010107777701000121221
2222222466566556554443431110101234545455554344444444445455656766700700001011102101070700000101121
22222223544454556555553444444445656566667670001010121110070000010212121
2222224344544554545555555443444454656566666660700010211211107000000010101112121
223321234455545555555453344444545656566666760001101111077670070101012112121221
22222222343356555546555434444445556556666676000001112111100070700011121
222232333435454655556544344536555565666667070101111212177767070000121121221
22222222223444545654565565565534434445446556565666670000010111111100700000001112121
2232454444545555455654565544434454465656666770010111021107000000000011112122122121
22222244445545554555555443334444445465656566566607000001011111007700700100111121121221
2222222224445455555655655344444445455565666766700700102111121217000701010212121
22233222133443545556655656543444446676767707111221000100000001
22223434322445656565565454444445445666760000001011100000001001121
22222222344667665665554432212221222244656665665665654444544566666670000010221211101000100211
22233244544555566556544444566676770012122110700101210211
22322344467766656544544432122121212122145456665655665465444445466666670000102111100700010102121
22222222355560766656656555434332210211212212112222212245665656566555665654544444556666607001011077700001102212121
222344446076665655454321221222135656656565444444456670710001000001010121121
223234444560176665554432222223256666655534444454546567070000001001100010001002121
2224544444543343544566566667600011107670001121211
22244444455333344555665666676000011176770021112121
24546545465432344656665666666712112176676101212121212221
222344546545433444556565666666700101077011112112121
222244545533444455656666567660002112121766760012121221
243444444554533443544556566667700101117670001110121011
22243544465532334456665666665666660001212121766717121122121
2434445545465456555332243435566566666666667000102211777010012112211221124310071
243545546555655434344455666566676667000112212177670010121221121222456565656555323221121211101010
244454554565555532344345656666666666600001212117770001112212122456565655433221111211011010
22234322121223546566565543444445454566666607000000101111700001
2232354322224456665665534444445666670000100017000010121
2222445665655433212122112123444656565666544344444666666666775000011121170000101121
2223212224445655565444344444556566660000000100707600002122121
2235565343212112102113244456654656554435353653665667770000011170770002121
234353221211244446656565655434443544666760760000100000000011221
24517
222332212122244456656565544434444555656760000010010076767000122221
234456565565332321111111111022444455555555543344444556566667070710101776607776670013222221121121
2222343221121224445565655655555434344445456666660770011000107000000011121
233465455554544444434454546566760000000000011776700002212131222211
234332112345456555554444444545565677000101001100767770012121221
2334477565656553332121212212123455656565653444446566676770011107770000121212221
2324345455555544445656667701110700000111212221
222223246532224565655665443544656656767001100110000101221
2222223221244455456556545434556566767001111070070010221
22222243454445555655534444455666677000010100000001111121
23346665322244545554545345465666667600011121000000001121121
2234446676654454322111222224655565554344454656666707010101007000001121221
2222234447666666543312222246654432434444565656677007010100777000012221
23224323445545565554344444556566667670010111107700000011121221
22222333444556555555544444556666070011000700701011111221
222223444444355656555344354454656666770000011110707000010211221
22344545345656555434545566670000011000001012111221
222223345544454453433444454545565656667670010101111077767000001211111
2222223434454544654334344444555565666666770000001111110777760000221211
2222224344544445545554324434445465566566666670010101111077070000011101121
2223444444445554343444444556556666666666071011102111177777000211111221
222224443443444544455434444465455556666660000011100077070000000011012121
222222443453444444454455543454455556566666667000011112121770770770000111211211
22343444454555455323443443444655665666666760710101011017760777000111121221221
22222222434445454555444344444445465656656677171711011100170007001710021
2223334544545444344345444455566566666666070101021011117760070010111211
222223333446544545545453444445454565565666667071011110121010776070700001010212221
22244432344445454545455432434444546565666666700100110077707000010110011011221
224344344445455555544444444545555666677710100110111007700710011121021221
2345544565456555344434444444566767670700001011070770700011222222223232101
22223222323466676667666543432432212122122365665566544444444554566677000001011107607707002121
22222222223232444565656555344344544454566666700701001011000707007101
2222223344507766566544433312121211222455655656554434444445566667070001001010707000000121
222231323232124445546665556545334444445446566767000000010107076700000011221
2223265333245565456554434443454444566666760070010010021070770070111221221
222222222336676566665434332211212324575565654434534444455666676700000001110110717607010
22222232446676666654443432222121222124465466566554443544444545666667700000001101010707007100221
222222233344460777666656543333333112112102112445545565565453244344444556566767000000010101007660776700710121
22222222222343243123545655566555343434445456566667070000010100077607007017211
2232343557176666655656544433233221121112121102124545565555655553434444445556666777000010101077777700101112112221
22222222223233344445547210007076676666666665654443243222121222244656656533444444455465666666770000001101110770770000212221
23244545454555565565655444444556566666667000011112121100000010102112221222121
222323535545556556565655444444445666656766707000121212211700010001011122222221
2322434321212222565655655656565654444544454656676767670012112121210010000101121
222312222334453556554656545444445455546666676677000112112211210070007010111
222344445545655556565556544445454456565666760700102111122110071007110111212222334321100700
2222234345454555656565654443444445566566676770000010212121700700001021212212221
22222434454545546556565566565434445445566666660070700010221222100071000101121222221121
2222222323444545456565565656544454555666677011012112107000007110211221
23343444322232234476766665665656534334444454546566677070000001700077000000112212212221
222222344577566666656554334332122226555434344444445456666676677607000101112117770700100212212221
222232244444707666665554434333431211121122246565555555443546660701070770707007001102211
222223434443324665655344344345455676767070100011076777700112121
22222344323467565465554344444555666667700101111077007001221221
2232223345537654465653444445566660000000170070000112221
22233334434444467666655535444446566666760717102101221170100100021
2224446665454433311211211222555556555445444454456565667670000011111100700000001121
22444466545444321221222221222212446665665666656655443444444444656566776000001010110070000001101021
222343444443332244544444455566666070001021110777707700001
22222234445433446654544444454566660700011010077770700021221
2343444356070075544333433321212124456565654444444545556566666670701001112112110077070700001111
2222323444450077666544434433321214445655445455656666700002111210070707000000121
22222222443321132445655656656533444454565566666667007010021102107700001121
2322444560766554434312122121211222446555656656565443444454565666676070000010211107000000211221
2222222223234312234565655665665534434443556566666667670070000102121077000102121
222323345431223556566565665535354455465656666666000000011012112176770700112212222221
222222223534532122244655665655665544353454556566566666660700100021121112177000000111221
22234444323244324666756565656544444445565666666707001011212100770076021002121222221
22222222234653222212122224324666665656665666656553434444555656666767007010110211107071111
222222223221224446555466565654344444444555666656766070010011012101007010011
22222223233445466010766766565544344432212122122122123565656656655654443344454666566766760000011011000700000010121
222223244467676565655444433121221222122212224656565665665665534344444565666666767700000102121107000100112121
22222223234321221224566556656656653444444556666770000011017070011
22222232324322222224666566566565655344444556656666770101021117000701011
222223233343122112214465556656656566565533444565667667760101210700001001121
222225655665656565565656654544444456565666600001002101100000000112222232332221221211
222222222324566775665665343322122122122122244656566656656656532233535666666667671100210776117011021
222222224431212446565665566655434444556667070010001700012211
23453554555555656565544444666667777102211070001011022221324666665555434332212121121101110701
222222224365076665665444434331112111211144455656565555343556666676600112210070700001021
222222222446766666656543333432121212102101102544455556556656544444566666767701212212107707771121
22222222234431100344545556565656554544445666777000021211707000002121
2222356666655443331212212111011444455465665665653444455666211001776655444446717010101217700011221
322132132466756666544443322121121111345555565656555454656677617012122117070000021
2344445455555656656565344344556667777001012100070000111122222134467566665554434433121221121111110070
22244666665665444321221212211221712235556556656656566534344344344466077770770000021000001212221
222222245675666655434343222122112111100224445546556566566554434444666767776000121210761707101221
22224666656665655433321121121121345556565565543445466666667070210221170076172121131221
2222232354776666665334332122221212111012544545655666566654344445666667007000021177001021
2353545555656565554335444566776070000211000700101122222222232117
22232321122222223444444536545545455545533443434444455666676776700000101101007007070007000000010
22223233434445770776665554444343433121111212244455655555433343243434435656667667677770000100100070700700700000110211
22223434333101233465454555445544324343343444566667676770700001010777707070000001111
2223434444360770755545545444443433110111211212245555555465454343434344466666676070000010007707000000000100111011
223434434447670776566565534434333211212121232255655556545333443434434456666667677670700001001017707770070000101212221221
222232343434443223544545554554433344344344545666666767070000100010107707070700000000001110
22232344346677756565655544544334333211011121012222455545554555433343343546566666666670710000101077777070070000101111212121
22222224333344654554454444343444444454545656770000000100100000760777070000010121
233443466766545554544443433111211222445555554343243434344444566666676767070710000100007077000000011010111111
222222344455454554444454455656667701011110107000001011
22222223324354455554554544455656670000111107707070001121
23445454545554655555444445566666707001112100007000010211221222222210
2222222234435545455545543545456666770000111170070071002121
2222223544544555555554444555555656667001011011211170770071121212121
22233444444454555554544444456666666666000101211107070000000112121221
22222233444545555565555444454546556666770000101112121000700100112121
2354444545454534434454455556566677000010101101007070001121122221
2222432434546545654343444445556666667677000001111217600001102121
2222222224346532356655665324444455465667760701711010700000121
2233343445446554434455556666660700010110100070101211
2224312233454456555553444546566666767010112107676170011212121
22233134444455445533444445566666770000101077600000011121
22344453245546555334343444555566667770700011101070700101121121
23334444456546554434444444566666677700001111107000001111221
222323434454455343444444454566666677000007221001077070010111
22222244444454655555434344545666667700000110170000000211221
2222324665445565455433434455556566666670701001210121077017112112221
2222432345456655653453445456566666777001011211070001122121
222334323444556555543344444455566666700000000077070010110111121
23346666565655655432322121111211122122454656555566543233435454655656566667607000001117667000010112111222121
22334343244465456544343435445545655656676760700001010112107667000001011121221
2243445445455455434444444554656667700000010100700000010101213431110
2223444545555556534344444555665666566770000001107670007100111221222232344311217711
22222435765655565445532222121211221112223446656565554434446666532225556565660700022221766660176670000001001111211
22234322344555545532333454444545666666677700001107670000001002101211
22224344444545555656546543445535444555665666766770700110111112217700000011211221211221
22333443234454654565533343444445455556666676700070001001107770000001012111121
232343467765565455432232211211233465553434444545556566666677000001101107667670001011112121
22344443112123444665556555433434344445465665667660700000001007670000011012110221
22223244566656553322331211211102334545565656545354546555465656656070000100111212117667700001001211
223344576665555554332222212112121324454665555443454445455655666770700001010107660700001000111121221
222323334444322222224665654675443343343444465566676676777070001111007777007001021
22222223222334434432346667656565544343444444455676707007007011000770707000111
222222323344345432223656666655655344344444546656767600000010021760707000000101121
223222334444545566533312122324665665444344444445656666667700000010211100777770770000121221
22222223223223444454344546566654344344434545456666760707000000011110077077707001021
2232222323243444432245565656565466543443443444455566667667600000700101101217700707700011012121
22223333454443446545444444445454565666607077101010111021077070076021101
222222232323443534322122214456566656556755444443444445546666676760760700010121102121770076007000021
222223222231223234334454544456666776533434334344445466666677777700071011107707007070001
22222222223244434544460075446545433434444545565656676676770701002111112177776760000121221
22222222332343344444555665653434434444454466666776777677710111122177767707001011121
22445555545554433454565666670001110777000001121222222311
223234454545554444444456556666707010101117700001111221
234545555565543434444656666760000011000000011121222221
2222233122445545555565344445565666660701012117760707101211221
224445545555543444455465666666700001111170700111211222221
2223224455555655555344444556666770010101100000011121221
2222323454555554443344456566666670000111077000000211221
2222232344545554534444445656666000000011077000001210
222232444655655655534344455565666660000101110070000111212221
2223122445455455545654433444556666667000011170700001001212121
222232344554565455555654444454455466566667000011011111101100010110111
222334333545654565555444444445466666666670001011111110000100001111
2224444431121122445655656565565555444553555666666666011011121111170100100111221
22224343210223445456556555556555544444444545566566770000110110111700000010101111211
224444454555565656565554444444555566666770711010111211017000000012122234467555344432121121121010010
22222343244454565555565556554444444544566610100007555554446670171110212111000000011710210112121
2445666565544343311121444555654434444545456566767070010101121007000700010212212221
2233223223354445555555655545444544656767000111111717000000000010121
222322243454455545655655443444444546556566766707000101101212100070700000121221221
2224444444555555465555444444444454465666660070001001011111000000000100112244655444453312110111070100
2324665554444321214446554544353454455666777000000111110000000100121
222222332344556555556556544444444445456666210100010076555554545466000001021011112117000000010211221
222345546076544444433121121211110713344445655656565654443444444455566667660700000101111100070000001121
