2222322324343212444555455454544456600701011017666766767070010121
2222322343234455555545445444445660000000001101076676707101021
222324324444607776666566565543322222210223445454454545454446666001001100101076666667760000011121222221
2222233444434454545454545454456660001010101076666667667700101121121221
2222322343444455455545455445667010110076666777700000112212221
31222343444444454455445443545566000001000107666676700000100211221
22232434344435445454544554545666001011001076666667670000010012121221
22222222224334444446545545545443555667001001011010766667660700010121
22222222223232434444456555554554545453466700000100110766667670700010021021
22334344344444545445545454656000010101011766567667660000001012212221
2222222323433443455545455455454554544544666000010010101010110117666665757667607010011212221
22222232434345454445444454566000010001765667676000010111
22323444554544454545546660100110075667670010102121221
222232334446544544445545456670101101766667770100102121
22222434444555445445454454545600000101001076666700101011211
22233433445444554454444544660071000007666677010001101211
2223434444444544544454456600001007566667000000010211121
22223444444445445445544567001001765665667700010111121121
23344444454554545454456700017666666000001011111121221
222334444444445454544544546600000007666767000100111210211
22222444445465444454454544555467010011001001007666660001112121
2343453444544454554546600010107666670001011012121
222244443445454545454454546600001001017656670000102101211
222223434444545545455456600101076665760701010211121
2222232345324444444444544444346660000000001000007566666666700001121
232344344444344445444544544566000100100100000766656676000001011221
2232444444444545454454454456701000010100176666666000011111221
22322223334666534444444454454456701001000000076566677007101221
22223332243454445454445454456600010010107665666667700001101121
22232233445334445445444456700010010766666666770001002121
2222222234465607665654543221212344444444454445445432456670000010001001000766566760071000111
222222223444466007666566555453212112234443444445445660000100007656666667007012111211
2222223243446566653444444444544445560000010001000076666760700111221
222223233344456700776666665554433222221343445454455445456600011010010076667677000000111221
22222233332456653444455454555455466000101110110176666677070101021
22233343434434454454454554455456000011010101010000765665666707170101121
22223232323343444344443444444345567070170000765666667667770700000100121
2223223232322434444434444444434445667000000000766566666766777070000010121
2222232223343244435353444344444354666000700000707566666667677700071001121
2222222233434444444443444311700000344444444446754446600000000775666676760700700010011
22222222323333444344434444444444466700000000070756666666777070000001
222232323234344344344443444446660000700077656666677670000710011
2222222233334434444444444444434444456600000000000075666666676676707007100011121
2222223232344444543444444344444444667000000077665667667770007001001111
2222232233343454544443444444444444466600000000000007656566767670000000010111
22222333334344444434434444344466600700007007665766677770007100111
22313223333434444453444443444344456607000070000776666676770770000001121
22222222332433444445443444444344444434566700000007000776666667667707000700101121
22222322332443434444444444344444444466700000070007666666667660707700000011121
2224334555545455445460000101075666660000112121221
223444445554554454545454566000110001101766676701001212122221
23435344565454544554454545600000101010117666667600011112122221
222222224666566656555544322122110112344546554455455454454454466000001010100110766666007621010111211
222346765555565453221212102123456555545554554546600101101107667000110121121
2223334444554555454554545356600001101011176566666667600000121121221221
2222344444445554454554560000101176566666700001021121221
2222234344555655555545456600110176670710102112121
222243444445554555455545554560710111101176666677001001121212221
2222236665656565556554532222121111112345455555554455445445660001010100176666770010110211211221
2223234434444555454554545545465670010110101177666676000000111221221
2222334443444455554554545556600011011010776760710110211
232243244431012344454454544544454455660000100101076666667070000101101
22222433434444554545555545566072101021017666660700001011211
2232223333234445545454545455445455660001010101075667667700010001010111
2223344443344445445454545456670101010766676700000001011121
22222223344666766656656556554432222122121111234454554546544555455455600001110101117656666667670001011021112121
222222332444577766665654543322222221221212444555455554654555556600111011121102117656666666667770101010121
2222322333446776766666655465444322322122112234455545555554456600001110121766666676700000010111221
222434443454554555445546600100117666670000101112121
222334434665444455555455560001021117666700001011121
222222324444660776554443432211224445454554544554455455670010101101001100767770070001021
22222234345457017765565443432221234455554666661011776770000001121
22222224344546544445445544545444546670100101001007666677001001021121
222232434445454444554445545445544445466660001000101010101007666666070000111111221
2233345444445655544654545535456670000111007676770000011102212122221
222222234445532244555545454545454554566600010110110100766676700000010211221
2232444444453545555466660176767070101011212121
2222334455435545445554554454554466600010010110111076676607600010112212221
222222234324545455455455445455454555667010110110101101076677000010121
22222222344444455454455545544545454544456660000100110101011011010076677001010
232223344444555444444444544554454456660001001010100100010766666760770101121221
22222233431545544455454545444544445466700100010001010107666777001002121
22222333434665455454654555446554466660101101110117666666000001010212221
222222232443443545655555655465455556666611021011101776676000000121112221
2223323333354556655555555555554546666610101110211111176666770000021112121
22223343454445545454555455454535667710011011010111766666670700111212121
22223333344545455455554554666000011021011076666760000012121
22222333444554555546545455545545545456660002110111002101017656666666600000101112111212221
2222234343454445554545545446660000101076667607071011121211
2333444444555455654654556600011111176666671000111212121
2232234344534555465365455545555455556000011111002111075666566666770010110112112212121
2232234444445554545555554666001111101766666676000010112122221
2223344444454555465546545566070121011176676600701111221221
222322444444444545454445444454545600010010001076666666707000100012112121
222332344454545445454544544455670101000101007666766000010111211
2222322233444454445544454445444566000100000110765666766000000100111
222222323243344444554555455454454545660010000110107656566656761700000010101112121
2222222222334434454545445454544545445445670010100100110075656656666667070001001011011221
2222222223243434545454545454545454545445446670011001001017656666677070000010101011121
223222332434444444454545444544454454660000001001010075656666666770700000000111212221
2222233333444544554454545445445456610001010010176656666666700000100101110221
222322234434454554544545444544545446600000100101075656666676000070100011011122221
22223224344444545454544444544544544445446660001010000100001176566656666700000000100111211221
22222232323444445445454454445454445445456700100101000100107665666666676000010110111021
222222434444445465555565565454554456660012101101766770101011011210211
22233433544455555554554554553566601021010210107567666000001011021021121
224444444334554555565545544545445600010110017665675000232212211101001011107666566546545610110211231021
222444444533455465555555545545662100210176666600032222121210001001021075665565554545476101101111121121
2223434444544554455545454545455445567011010101766566707001001010110111121121
2222344444444445544555454445455466700110017666677017011010111011121
23444343344445444445444444444456000000000075656656670000000001010011011121
223434444444444455545554545666610176660700001010011110210111
2222244443222445554455545554545454666610101017665666070001000111011121021
22233434433444455445655455454545566000011076666660700001000111011111121
223344334444454454554545545455456660011017656677000000100101010211011121
22234344444444444444454444444444444446660000000010075656566666760071701000011001011111211
22223234444555445444454546600100001076760070100211
22243443554454454544544466710010010176667600000111221
2234432445544445444545445466600110100101076566767000001121221
2223444444444545454454446600000110017666770000012121
2223234453554544545445444546600000101007676700001101121
222344444545544555454554660010110107667700111102121
22232344434545545455455556001011101176566666700010211111
222344444545445454545544660001010107666700001111121
22234444445545455545546560011011107666070010121121
222224344544455445554545566711101101107566667000111211
232344454545455454554546600101011017666770011112121
22234344354545445445545456000101010100757660700012111
22222234434455554554654545555456660101111011101766567600001111121
2222222444434465546555555555555555654566011111011111111176666670000111121221
22222233434444565555565555555555555565546660111102110211021012117667670011010121121
22223443222455545554655465456545654556711011021021102117666666660000111121121
233444445555465546555554556600011112107670000011112122121
22223444454445455555554655555555566610111111111111176667670100111121221
2234344444455555555555545660101021101766700001011112121
222222244455532244545545654555555555565455566010111111111111011766666770000111121121
22222243443324545565466565455555555555545365670101111110111176667600000111101121121
22232434432245545555455555555546601011111011176566666600000101111211
2222234354445555546546556555555654566100111210210217667710011011211121
222344432245454555555465455555545466000110111011176770001011011211
222223444666666565455532212121121234544544545455454566600110101011765657657670010101111211
22222344466607556555532212211222444545454554545545660001101011017666656760000111021121
222324446667665656555533212212112134455454545454545456660100110101007566667670010021121121221
2232346560756546545554431221221021012244454545455455454546660010110010766666660000101011112121
22222334476666665655555322212211122244545554555455455667010210101176666666000010112112121
22222223346544444544545454445566670110010176666666670001011121121
222233445323454554544555544546556660001110102100176566666677171002111112221
223344657675565555555322122111213444555454455454554566000101011010766666607001102110211121221
2322233443544465554554545545544554546666600110101101010765665666666607000010111111221212122221
23222223343444454555555454545454554545454553566666611011001101101010176565566565665666677700001011011011110211212121222221
2222323224444554556545454545545554545555666660121021010111011010756565656656666700100111111111221121221
2444445000000
2244445465444454545455455454554555445456666100101101011176600007676770000002101111222221231322344431000000
22222222222312444454544545545455454555455566610110111017666566666667760001010111021121210
22231222343444445545454555455455556661101010110077666676071000101212121
22222233333453453545555454456545545465545436666600110111010210117666665666676667700001001101121112122221
22222222343434454455455554554545545545546666010111011011110176666566667070010010111022121
2232223334444444545544555554555455555554555666610111101111011110007566566667760000010011021102110222221
223232243344434544544545455454554555545554556666101011101111011100776656667667000000010101121121121
222222232333443244445454545554555555465546554455466610010110111101110117766667677700001010011121
22222243244434444434344455454545554654555466666011101110176076666677770000000110111121211
22234324334544445455545445667077111767777000011102121
222232343445670766653233444544545465445456670000101100760700001011121
2222222334444445455444545544545676600000100077676760001011121221
22223344444345454545454455677010100756677700000102112121
222223444334444654545545455445666000001101017667770001021111
22224444444444545455454566670010117666670070011022112221
2223344443544545545455445456607100110107666770000101111221
22324343445544454545454546670001011776760000000111221
23223344344444454454454445456670701010017667666777000002210211221
243243443434454544545455670701007576677070000100112222221
2222344445445545555455545455601010101101117667607010211211
222234454544455545554545545560011010101011107666760001122121
223244545454655555555555454546610010101110211176660000111121221
22223244445555555465455554456701011101117667000001211221
22222223444465545554555545555555666011111111101767667000101212121
2222234666666556555433122211111234555455554555545554660011101021076607670100111022121
222223344455545455454554555456601011011011010766666700001121221
22324444454555655465455546701021011176700711112121
2222334455454554455454555455661011011010101017656760000112211
22223434445454555556546555660111111121176666666070102111221
2222324446500765665565544443322221110112444445444545445445454456710100010100107666666777000000102112121
22334553454445445544545454454660010010101076666667700010101111221221
2222234457562176655655554322221111224445454454554545454467010010101001765667670071011112121
222222344354445455545445546710076676700000010111121
2232434444454544545445444466600010100756666760700001111112121
222222233444454545444544454445445456000101000100000756567666770000110211121
22222345334445445445444544545600001100001075666666607000101021121
22233444534454544545445454554456600110101010100755666666677000001101211221221
312222233344445444545454545455456601010110011017656565666667607000111111211
23224344444554545454545454567011010010766677700000111212221
2232222344434544444544444444677001000017666675607607001001221
223444444455445454545444456700100100101766670000101210221
22222234544445544554545544546700010101101075667700110121
22222234334454545444544544454466710001000101007566666770000101221
2222223444545454454544454666010010010766677700111221
2222323234667666666656555432222121234445444544544467000010001076566676670001012122121
22333444545445445454445444544660700101010017100756677000021012121
22223434435445454454444453660000000010756576000000101011
222232334444545444445544444544466600000101000010765676667700010211121
22224444444545454454454544666071100100765666670000101121121221
2222323334545545454454445445444560000100001010075666667600000100111221
22334344454654454454454444544444666070100000101007566667700000110121121221
22223223243445545445544544545445454666001001017110076666677710001100210221
222222324444654544545454544545666010001076666770001011111121
22222334444444444444454444454444322245566667000000000100000766666770000001001211
22223434322234444545554544544444443135566607007010000176666666776070000010110121221
222222332334544435545444454454445454454446660000100010007666667677007010010011011111
233232234454455444445444444454432454666700000000001075666567670000000001011112121
22222223343445454455545554455445466601001001076666770071000101111221
222223244310223444454544455454544543446556660000011010101076566666676700700101111221
222223232324444545544445544444444444667700000100017665666666770000001011102121
222222223433434455554545445444444443666600000000000176666667677007100101211221
22222233343344454444554545454445446660000100010107666667670000000011111
2222222343444454654555454545454656600101010101176666700000011121
22222334453244555555555555555456600101110210211176666707100111121
2223223456667665656554323222211212354655456555456556545670011111211176766670000112121211
222222222243454445554554546554555455566600111011110117665667670000110112121
222323466666666565665544322222221211222455455544565555555455546660001101110210012176666767070001112121222221
222222434534545554555455545465567010102101110766767000011121221
222222434443455545554455545554556660011101101100766677000101112121
22222233567656656656545432223221211112345554555545546545554556670102110111011176666667700001011212121
2222232343444554654555455555555660000211111021766677700001112121
22222222344343565555554655556554656671011121021776070000111211
22222232343544555555555465546555556567001121021111211176666677010010212121
222223222332132454455546545454545545454555560010010110101010176666666676670701011212121
222222222323334565755554555455454545544544554456666101010010010110101077676077000111121221
222222223343446544544655455454555454666000110107666667770001010111112121
22222222232344676544454544545445454545445545666601011010011010010176665666656766000000211211221221
222322334545545455454545445454544566600101001001107676770700100121112221
222222343444431012134445555545554555454554546566600110111011011176666667677000101011121
222222223234444345455445455544555454554666601110011010110176665666666677607001011121122121
222223443445554545554545554554555666611010111101101076566666667701102112121212121
2222322233443224444545545555446601001011076666666776000000111
232232444443121112344455655555554544666000011100756776547676700000112212221
222222223434443122234445554545544544545670100100010100766666666666766700001121121
2222224434444444455555545554546670100111100756666767000001112121221
22234345446707665755655653222312222122444555465456545465600011011176666677070100211121212221
2223344444544444654545555455444666600001111021011776576676600000011212122221
22222232243234353345454555555456671010121010766566676676707000111221
3212232435344324344565553555455454356660000101010022107656666666667700000101121021221
2232343443454444445454546545555567010110111110176665666666676700000111212211221
222222322324445655545554554545545445667010011101117666660700710002111221
22232223444554455455454545545445545660010101010101107666667607000100121221221
2232233445444454455454554545544545660001101001101176767707010010012121
2222222244455454545554554555455544546660010110110111766667707001010121212221
22222323334324356545465455554555455555546660011111101110766666770000100010111211
222344444665554555546555545555556660101211021102101765667666770010211211221322122221
222223233444455455555455554654554456666610111021011111176666767700010110221221
222222222344444553546545455545455465466660211011011100756766777000011112121
22222232234344367607766766656665565465322322222212245546545555465654555546660101102111111110766676677010121021212221
222222243454455454554545554545545434566700010110011101765666676700000111121121221
2222222244446610756666656565655453322222211210224454554546545545456545466600111011101111766666677700011112121221
222222434444547000076666565655543222122123454554555455555554660011021011111021075665676700011102121221
222222222223234345445701077766765666656545433222121222444545554555555545455670010111111021011176656666070000011121
22222232344444665454545445544554544666010100110010177670000000111
222222234454534546545465454545455456000011010110177666700010110211
2223223434554455454546544554566001001101017667700000102121
22222323444344554455454534465445445660001000010107666667700001001101121
22222334445453444545445453255454545660010010010010765767070010001101021
22222322434344455454554545444667601010010176677000000011
2222232344446554654544554454545567101010101007666700711011121
22222232310444444450075545554554554455454660010101100007607001001111
222333544553454545454545445556000110100101000760700100111
222343544453445455445455454556710111010100007666700001011121
2222223443444544665555455454565600101101075666660001001021011221
22222222344444454656601100007656565656545544432332211212132444545454554545545465466001011010110101176656666677600000001011111211
22222222466566566555553232222212344454554554554555465466661110111011100110176666676607001002112121
2222222233344444453445455454545554555454555466601010110101101101176566566666700070017010111012121
22223344545555444554544554545545455466600110011010107666767000000110112112121221
22223234444455433454554454554545454545466001000101010176656676707000000010010211121221
222223234344545445554544653545554545555554556560010111021010110101767677701700011011111221
22222323233244466543454444444454545445546660100110010001007666677070000000011
222222223344335544554455545545545455546545460000011010110111075666566770000001110111111
222223234545444445444444454560100000100076566667700000102121
223234454545545545454545444560001010010110766670000010121221
22223432444454454444566010007666666707010012121
22232444543454454454444544444467100000001000107556666670001001012121
2222222443444544544454454660010107656666666076000110112121
22222234343454544444544444545466610000100001075656677000000010121
222233444454554444545444444466000100001001075566667000001011121
22223233544444545454454545444546000001000110075656566770700101010212211
2222234434444544554544444660001000765657707000100102121
2222234434445445454444544454560001000101007565656767000000010121221
222223244445445454544454445444660000101000017656667007101002111
222222233343444454545445454544545546660010101010100100767677670000111
222222243444324445455455544544454566100000100010107666767000010111
223122333433445545455454445445454545356670101001011000001011765657657767000002111121
2222343454443445454545455454554555546660011111001101010176576657760000001121112121
22223223332244555555454454454554545666010110101010010075666676700010101221
22231324434544444454545445455444666601010010011007766576660701011110221
22222223234323454455465545454544456666002101001010111176665656656770001001211
2222325345607756655655553322122212121223454545554554555455455466700111021010111011176566566665666600000111111212121
22222223443565353545544544554544445566710010011010001076666667000010111221
2222232222535454654555465454654554553556600100102101021010765766760710112112121
22223454444455554554545544554544660001001100101766767700000111212122221
23222344434445454545455545455545566001011101011011076666766676000011022112221
22322323444434465555455444444545545656001010100100100177666666770000111212121
2223444454355445554455456000117110017666676701102121221
2222224445322445455555555555456000101111110766666666700111121221
22222224443545546555555554556701011111111766667000012221
2222233444444445545545455454560001001011017666566676000101112111
232344433244545545554545660001100117665656667071001101112221
22222343454445445445454455544670100101001001765656666607010021121121
222223310454543545555445445455465565656100111110100107666676100011112121
223224444444455455455546560002101011107566656667001011112221
222222334444445445545455555446660001011110111076566666670000112121
22234344444354454544545445445446600000100101000101076656667600001111221
22222222434544444444545545554567100101110101766566566677001011121
22222223344445544544555455454546600001100111076566666677010110211211
222232444443245455545455546545455456600011021011765666767070101010111121121
2222234345453244455545555555555466600111210117666666667000000111111211221
2234344432454554545545455545545667011111011076565666660700000101111211212121
22222334343454455545554544455556600110176666767600700010110121112121
22223345434445455445455545554656000210101117665656667700001110112111211
223444434455555555546546534565666617210112117666671000001111121211221
222224344453224454545545465454555545555454666001110111021010107656666707700000111111211221
222232434444454554545554555534565666000111101765666766770001011112112112121
23444432245455455556545555535455656660011011111111766566666770000110112112122122221
22222224344454454654555545555545546555454666001110210111011766666707000010112111211221
22224345443234554555554555454555445666011001110076567670000100111111111211
2223244444324455455545444555555660011107666656666700000100210111111121221
222223233433465444344434454660000007076666767770000111
2222222233344677676666553322122344543544544454456700100100010767667600000021
22222232434445545445454544544445560000001010010011766677600001021
22222334444455454545445456700010117666667700001111221
2223233434455444554454455660010010101076666670700102121
22223233444445454455443455566600010101010076566676600000112121
2222233244345554545445446670010107666667600000112121
2222344434454544554544456600000110100756667600000121221
2223123333466654544544544454466700101000100765666670000112221
222222334445454545454554544656600101011011017666667000010221
222224434534455554545454456670110010107676700001021221
22222222312343455445445445445434566700001001010017666566666770010121
222332234454655554544545670001107676700000121221
2232233343434444455444444444443466660000070001076666667677707001010112121
222222223223344344454444435344444444466670000000000007566656666766760700000001021221
22222232233433443544454434444443443445666007000070000075666666767670700000000101221
22222223233434444344444444444444444344444466660000000700000000765666666767677000000101010211
22223233343444454444444444466600000766566667676770700010021112121
2222222233444344444444444444444444666600000000756665666766677070000010101112121
2222223223332244444444444344444344434566607000000070007566665666766676700000000111121
222222223333444444445444435344444466660000000076666666767667670700100102112121
22223223243454545555445545456000100766666707000101111121
22222223434446654545554555455546554560001111011176566666700000011111212121
2332434444445455544545444544444656000001010001766666677000000110111121221
2222223234344465454544544454532545554660000101001076566676670000001001111121
222233334446554554545445535566600110107566777000010110121121
222223233445555455545455454555671010110766767000001011112121
222222233444554545445445454660010010765656676070000110211121
222322332344445555455455454456660011010756666767700700001010212222221
222222234334444455454654455454546600100110075565666677600000100111112121
22222222344444545454554454544466000101017665766770000001101221
22222223343435455555454554455666001101117656656670700001010212111
22222222234554555545554554566600101101767071001121
222222323444454555455454654544666710101111076666700000011121
2222223344444544544545455445545555660001111011010017665767070001011121
222222334434545454545454545545666001010110117666667700000111211
222243124444455445455545554660001011110765676600000111221
22222323445655455545465455556556600111112111076667700011112221
22222344445455455454654546545465670101110210107667617101111211
222232343445445455455545546666601111110176667671000101121
222222234345455544545555544555566001101110117666670000001021121
222222233445455445545545544555455660001110110101176666770010011121
22222444454444545444554556000001001107566566670001022111221
223443244545455545455454454666001000101107666767000102112121221
2224322354555545455454455670001010176667000011122121
22224445445545445454545445667001001100756667670001112121212221
2344435454445454454454546667101001076666607001011111122121
222344444545544544654454566600011011765666666176100111211212211
222443244555554554455544667001010766670000101211212221
22322334555675445545444545545554455660000021101011010756666677000102112121212221
222232344546544545545455455454555660101100101101011765665667700101112122211
222223445555554554555455544556600001101110121766566676700011212212212221
22222222223445455445545454554546566601010111011010756656666676000012121221
222233444544654545454544443465655667001011001076666777001011211212121
2222343454665444545545455455545545600010101011101017665666670000111212211221
22222222233445444555445455445345655656000002110110107656666667700000101121221
222222444445454545455545454556560010101011111076655666667000011122121221
2223243444445445455454545454456600001100101101075656656666770010011121222121
222232344444554554545455555566001110102101766666676700010121212221
2222344444544445455454554545545660010100110101107656656666700000111212212121
2222223434344545455454554454555566600111010110076756770700011112121
22222325324344454556553554554555545566761101111011101076666760001001021121
222232232344445455545455454554555670010211011010756676766001100121011
222222323344555454545445465354556607011011001075666677000100112121
222222222243434545454545445454544555670010110010101766666770007001211
222234432344454545444545454545466660101011010076676770000000121121
2222223234334444346544654554454545454666010100101176666667670700000110011121
222233343224454545454545545466660210010117667676000000210011
22222223244345544555455445545455660010021001176666667700701110211221
2222222334435454554545545454545454566071101011010017667677000100102121
22223323434557545455445454545554546660000111210101007666707001010012221
2222233343445545445545454555545566001101110017766070070001012111
22223243124444554445465454545545566601001001766707670001110121211
2222334554344544454554455660000101010766777000111221
222333534455445545554546670001101176667770011121221
222222223456544444545545555660010101766770000102121
22222222344654354454545545545666000101110776667000101211
22222233444445445455445445666600010100756656770701101111221
222344453224445445454454445465667010100100766666767000001112112221
22222222444432444554545544545545466600010100100176667660700001021221
2222233444444544545454354566660001001010756766707010111221
22232334434544445446545544466670001011107666667677000110221221
22222222344434454444545544566660010110177567666776000112121
222335323334555454455445444666600001001017666766670000101211221
232234324354555355454554566600100110766676770010210211221
2222222324454444554554545545556671001011017666767000001121221
2222433244445454544544454454444456670000010001076565656666707010010111121112121
2222244323445455454454545444544454556700010001000107656666676000001101111211221
2222332334545454455444544454455670000100075656665766070001001111111210221
2232334444445444545344654454544445444656700000100001010766566656666676070100101111121112121221
2332122344545444544445454444544566070001000075565666666600700100110121021121221
22222331223444445444544454444544656700100000755655656656676070000101011111021121
223234444445445444545445445544456660000011001007565666666770000101010211211212221
222322223445454454445445445444455660000000100107565656566677600000011021112121221
2222324444545445444545444544466600000101000176656677000011121121
2222223435465454455455454545444456660000101010101107666666607010111222121
22222343345544554454545445445545466001010010100010107556656770100010112121
22225322466766565655554543122121121021244445445444545445445445660000100100100101075565566666700001011102212121
222233334445545544544654454532655456660000110010101017665766666670000111211222211
2232443444544544444454544444546560000001001000765656676760000001011211221221
222222343566676656555545544322112111122444454454454544455445454666000101010100011075666657607000101011111121
2222244444444545444545454544544456600000010011010107565656666670010111102112121
2222223444460776665665565555553222222121121022444544444554454545454454567000100110101010017656656666677000010111211212221
22222222233346544554545544545544546667010011011076666660700001021111
2223234444455554654545545554545545656701011011011021076656676770010102111212122221
2233444434454554444445444544345444546000000000000010075666666077001001010210111221
243344444544454454545444454444444444666000000001000100075666667007001001011111112221
22324344445444554454545445445544544454456000001001010010107566575767000001001011111121121
222234443244554454545444545454454454544670100010100100107556666777000011010111012121
222344333545354545465354445454544466717101010101776565656670001711101011101121
2232234444445445455544445544545455670011010100765667667700000110111102121221
2222224344344455445445445445445444546600001000101076656767007000100110102121
2222222224343244444534447554444454445444454454456600001000100100010075565666677070010000100110101
2222334324544545444755454454454545444454544660000010010010100101765656666667670010101111111121221
2222223444444454545455445445545454545455600011010110010011007665466566666770010101012111212121
232343444433454544544554444544444444456700000000100107656667607000000010001101121021
222223432244545545545454544554454545445456701010100011010101076555656566667700010110111121121121
222222232222433345554545554465455545555455666660011101110102101117666676707000011121
222222223443445545444545454445666000000110107656666770100011211
2223233444454445544544544544454566700000100076677600000010110121121
222222233244576676655455454443212110111222344545454445445544546567000010010766576670000000110010111
2223234344443445545454544444566660001000010766667770700010022121221
22232334445445445445454544556617110100101010755565655666760710000101121122221
2222222434446777656654555454321211112344454454544545456600010010176566667000010011011121
2222222223243434444445455655455455455454654444667000010110110110111076666776700701001121
2322333434443345454555454555465455555455554466700101021010210111110111176666666670700001010111121
222222323443444544545445454545454546660001010101010117656676667000001010121
223234443444545455445545455455454656600011011010110101075666667670000110211221221
22222233434444344454454554545454555454554555346666701101011101110110101011075656666667070000101011111
2223244344353343454545454654544554654554654465666010110110110210101071217666666677600701011010212121
2222222234344444454455455454546546545555545566600110210111101111011076666677700010011211
222222234344544434445454545545455545545555466660101110111011101107566667670700010010111111
222234434445444545445454554544554546660110101010101017656666607010000111111021
22322245454555545565465355545555554554666611101101210111010770000011012112121
22236656555555455445432112101110010124444545454554544555445456601001100176667701010010111111121
2222434444454455445545454554545544556601101001101011076666670000010111111121
23221344545544545545554545544565455546601011010111010176566667001010111110211221
222222232322554455555555454555455555556611011101021010117666667000100121111
22222243112444545454545446545454544554454454660010010100101076667076701100101110211
2223444444545545465454554545545554545546601001101110101176565666700000001111111121121121
222444440767566555556545654555433221211211011012245445465454554545545455454546661001011011010176666670700100111111211021121221
222222223244345455545554455455455455545554560010110111010111011075566566677000001101111211
222222232323436545444554545445444545454455660000110101001010076566767670000000111121
22222334334354445444545445445444544454456600001000100100010176666667677000000010111221
222222333545444445434554454454454454444454666010000010001010010765656666767077601101001111211221
22222222333244665444445444444544454445444445466600010010000100010075566566666770700001000110121221
22222222223324345545445444544445444544445660000001010000010765666666677000001010111
3123223233444654454444444544444544544444456670010001000100001007566566666667770000000101112122221
222222232323434455454445444454544444544465600000010010010007666666676070007010011211
22222222223232434456544444444445445445445445466600100101010000100107565665666667670000000011111
22222322322333446655445444444454444454544454466670110010010000010010007555656666667607000001011012221
232233545455546545566661111176667600011121221
222334444445454545455454556666110111011076656767000010210211221
22222344444545445455535556660110021010117666666671000211221
22333445545554554655554566661102110117666667017111112121221
22222343335544545454545555455556071021011110110176565656670000100111121
2222243244444455455545455554545656600101111101176566666670010111110221210
2223344554444545454554555454555456666011110111101101765666666677001011111211221221
2232434444454554554555554555567011101111111765665666607001011111212121
22233444454555445555544656556660012111021075666677011102111121121
222224343444556554555545554654655544666666012102102102111176565667600000111012111122121
222234344545454554555555566661111111101176565665676000011211121221
22232333432465660077776656565555554443212121121112244454544545545555455666602101110111076566666670000101011112121221
2222233432344444454444544567000000010766656766700010111
222334333455444445544445660700010100007566566760000010212221
222232333444454444554444566700001100007566666701001011
22222222434545454545454454545466600101001010766666670001111211
2223344323545454554545436667100110765666666760000021011121221
22223244455345445454544543265607000100017666660007100111221
2222332443445444546544566000110076666576670010211121
2222222222344654444545444546660000110765666666760000211121
22223344445444454544654545445670001010101017656656677001011111221
22223346665433444445445444545566710711001017766665666607100212102212121
2222334444444445454546617010076665667700010121121
222222335544344444544445444566000000100007665667607001011211
2222323343545454455545660001101076566666670001111221
22222344466510766555455454443221111110124444545445445445454566001100000766677701001010110121
2223343443244454554544554454554545566010110101007666767000710110100110211
2322346666565545544532222121010110224454554454545454545546566011110101017665676070001010111111
23243322344454445544445454454454566610101001000110010755556566666707000010111112121
2223234444344445465444545455455455660011101101010765656676707010001110211121
222232233536532545545545555454654555555456600101111111766667677700171100111121211221
232343434455454555455454554546546567001022110101766667677700010112110211221221
22343444444455544554554545466600011011017767607011010211211
2223334445445545555455555555555455666000111111111111767670001101021012121
2222233535355654654655555465555655556671011112111111766760000102112121221
22222234344554546545454554555556600110111101766700001011101
223244446532445555555554465555566701111110110766700001111211221
22243445534445455455554556600011101177677000102112121
2222232443455654654555544456555566600011112101766667670001021121212221
2222334444543454454545545454545466701100101010767670000011001111
2222333333444555555455555554555666001110111111076667670071001111221
2222223344455650100076656565555554443222211211334655555555465545546670110111101767770001011012112121
223243213244545565444443544666000000076667700000011221
232431224444455544445444466670100007666767000010212121
2223431023444545445454444566667021001176767700010121
22233444544554544444545666010010077660700010112121
22224323455454544544544666000010076670000110211
22324322345445465454545445666001010010767700010111
232244322444555544544544446666010010000767707100110221
222343443444545454545445544456660001010010176576760000000210121121
23343244455554544554466666101101776670000110212121
22344444454544454544456660010100075676700001021121221
22334343245465455544544566701001076660071001110211
2222434333454555545545446666610101766700000001011121
222232444544455445445445466660101000176667000001011221
22222445666565655553212111224444554445445566601101017665566760710101112112121
223244544545445454454454454445446660100010010010010765666700010111112121
222222234445545454545445445454656701001011001075666660010021011210
2232212333455554554454545445454544554666660001110021001011076566666670000101111121221
222344445754444544544554455454554456660001101011010101765656660701001111210212121
22223132356666666565565545321221211112334554555454545545455445466660010101101010107666767000010112121121
222223243445454545454554545455466660101101010117656667600071011121211
2322334445454454544544454545445454544545666600107211101001010010766666676707001007555500101224310121212121221
2222324334444444545445444545454445454545445666000000211010001101000110765666667770070010011212221
2222222334454544444454444544544445466661000010010001007656666670000001012111
2222234332445554454446544554545544554454566600101010011101100117665666676000000210102110221
22232334443224455445444544544544545445445466600010010100100101010766566667677000000110112121
222223343335455444544554454545445444566700100010101010101766566667770001001112121
2222222223244544454443534444444345666000000071700007666667670000111
22222223445454445354444444444445466770032100000000100007566666767001012121
23224465444534454444444467000100000007566760000112221
22232446544444434444444444671070000707666666076000110221221
2222222334454444443444344434436660070000700766566666607770001101211
2222232444654353543535444444444444660000000000000765656667700000010111121
2222223444444444534444534444444466700010700000075656666667700001011021121
222322444454445444444454444454660000171001000007565665667670010111112221
22222234444444453454444444544444600000000000171075656566666700000101012121
2232454345444444454443444546000000000000754656666670701001012112121
222232323345444455454544545545545666601011010110176656666607000001010112121
2223444333455565545554545545566661101011010766676670000001211212122221
222222332444432444554545445455446666001100101075666657660700000011102121
22222232445444345454554455545455455546666610110110110110766656766070001010111211221
2222344344570766665565455433212222211212224455554545544545454445466670100101010001076666676707000110111122121
2222222323323433445556555545455454556660101010100756667767000710010112121
222222223334454445554554555454554545666661101011011011766567667070001011112121
2222222222343667666656666656655554323222222122112121223546565555545455455545455466660110101110021010176656765660070701001121212221
2222222222224656666656665543322222112122132445656565565455554455660010001111076667600701001221
2222223224466666656665555432222122122121122244565465554654655555555566666111111111111766566677617101001112221
2222223222443444444344444434444466600000000700007666666777000001
22222322434444444344444344444466600170070000007666766077000021
22222222222234654434434443444344466600000007076665667667770000011
222222223235444444434434444670700070766676670700010
222232334434443434443443434466600700070700076666667707001001
22222232344444444434444443445607070000007076666676007010021
23222232234354444443444344434446660000700070077576667670070010021
22222233434443444444443445444466000000000000070756566767070001021
233444443444344444444466600000000007075656767000001122221
2222222345444444444344466700000766666770000111
222223324444343444344444344444466600000000700070075666667700000011
2232444444454544545445545454666001101011001766667700000102122121
2222323443244446545465454554454555600010110101107665676670071001112121
22224332445545545545554555555455567001210111101111176566667700001111212221
222323444445554455445455444560000100101010766670000101121
222334465344544545454545454660001010101766667707010011212221
23223444345454545445454544545670101001011017666576670000101111221
2222222324354444555455445455454554566600110101101776667707001011102121
2322434444544555454554545546600100110117666766707000101121222221
22234334454454544554455544666001101101007566676070000011212221
22223343544454545544545555546600101110110766767070010111221
2222222233434445454454554455454466601010011010765666767000000001121
2234445445545454555365555556710111011117665666760700111211212221221
2222222234445445554545545455555555671011111110101076666770000111221
222443444444454454444434444670700000001001007655656666701011211211
22434434454455445444545600001001001076556666607010121212121
2222244434445544554545545666101100210101766566670000121121
2222334566755555455321112121122444444444544445444444366607000000100001007565565667700000101110211
2233455444554545455454553455556000010110101101107665666670010021121221221
2334444445545455445455454554545445466000100101101010110110075565666660710001121121121221
22222345323445454455454454544445443466670001001000100210007656566670700101111211
222234444454545454554455454544556000001101011010101765666667000121112121
232343444454454554555454545445566000110101011011076556566667000001011121211221
2223446666656565656553212212121213354455445545545455666110101010111076566566666007111021212122121
22344666565655655553212112112224444544545445455567010101110017655655656666700101110211211212121
2222444554454455454554554545446600001010111010766666000010121121221
2224443244455454545455545445560000110101101075656656670000011112121221
2222223223233443444546555445445454454465666760001011100176666766770700000101121221
222223233444545445444554545455455656666000010211011007667677000010102121221
22222223434444544554444445444445455666770700101010766667670000001012112121
222323434434443444444454545445445456666666000001110107766667707000100110112111
2222222234343334454455454545454554666666661002110101007666770700100010211
222232244444545445444544554454566701011001010756566665677600001101112121221
22222323434455455545445544544566000001010766656766070000101112121221
22222223223445455545544654546545445660000011011107566666676070010112121221
22324435445545545454654545546670101011101765666666770010021121212122221
22222223444545445454545454454667001010107656656667670000111121211221
222223345454454545445445544456660010172100176666666760710011111212221
22222222223334544445445545454545545566000110110101075666666677007010011121
22222223244454545444454454544454466600000010100766666767700010102112221
22222334444544544445445454454454456660010010011007665666677700000110111122121
22222223443454545545454545445546670101010101765666776007010021121221
22222233444444544545454545444656600010100101766566676770001011122121
2232223445445445544545453545656701010101076566666667600000011102112222221
222232344454545455454545454444666000101010010110766656667600000121221221
2222223444444544545454545455545455446660101011010110100110766666667000001121221
2222222224434454454545454545545454466000010101101101007656656666767000102212121
23243244445545454545454545445445660001000110010110076656666767001111212121221
222232233345454544545454454545444566000100010101010766656666666700000001211221221
22224445454545554555544554356671001011007666667001010211212121221
222223344444545545445544545454446666010101001101076666666777710011112122221
222323443544545546545445455454445670001010100110107666567666670700101212212222221
2232343444546545545455454544554446600001001010101766666667700011011121221221
222222223444544555455545455554545455600010011110110765666666770010101211212121
22222233334444544444544444543254454666600000001000010076666770000001001
22222232343444454444445444454444445677001000000100766666670700000010211
2222323344444544454454545445545677100101011076667770000101111
22222233324445454454454454445445567000100010100766660707000011021
2323332444454444454445444444545670000100000100076666770070000112221
2222222333445545445455454456660001011010766667000000211
22223334344454544454445444445466700000010017667670000000001121
22222233223354444445444544544544545566600101010101001007656666666770000011111
2322333335565454454554545454566700110101010766666760070001112212221
222432322445554545454544534656771000101766760700001112121
222223344346656544545455455446667010110107667000001111221
222223234324444544544454554545545677011101010107666676770000011121
2232233234445445444545443245566660000001010776667707001010221
22223344454431444400754554445445454444660000001001017676566770000101112121
22223444444544445554545454544444666000001010101076667700000101111221
22232232233444554544000007545455554555455454545456701001011010171076676000001011211221
22222344444445455455454554454660001001010007667000002101121
22222344445445445555455454554545566001001110110101176667700010111221
222222346666655443223100022224654444455555545545660010110111076776070001211
22234344536534555545554554456700101101000766770701112121221
222232444544654444655455545544566000101110107777000010211221
2222334444544455465546545445660000111021077767000111211
22222223443535444654555454556600100210107667770001111
22222243444445455445654455545456600011010101767770001110211
2223344444544545555555560002101700076700010121221
222232444546534545545545455456660101101101076666700000110212221
2222233434444545445545444654445467000100101010766566760000000111211
222224332244454445445544454454566001000110010017656665677000101111
222344323445445445454545444444666000100100010100755656666670010011111211
2222325653444444544545445455600010010010756566566770011111211121
2232344434445455554545455670101076667670000001111211221
222331023545454544545454454554660001010101011765656667000102101221
222224444444454654444454654546601010011010075665665670710111121121
2223333444544544544554544566600110101000000765467676600012112121
321232233434444544454544544666601001010756656667670000000111121
232344444445454545545554454666000210101101101017665656567667000111212122221
22232346665344544454545455454566000011011010765666760700102121212221
22222223454444545444445455454556000110100101100176556656666660071011122121
22222234443454444554454545546660011101101007656566666677001011212121
222243344445454455445454545455600100100100107666670001010210121
232234445445454544544545445455466601010011010017656660700010101111211
223434444545454545554355667010101101176666600101110211
2222345444555455545455455545446660101011011011766660001011111211
233334445445455454554465445467017101100101766660000010111121
222446655344445544554554656000011107656771011111211221
2234565555455321110112344445445454454554546660010101021017656567700010111012101
222231234545545454544545544545444660000010101001101075666000010111
2324475665556555432212121121022444545554554555455660011011107566656770100111021112121
2244533445454545454545454660010101010017666600001111211
2224325355544545445445444544660100000010017665667600011021121211
2223334344445455454544544454546660010100010766566667000101000110121211
23224344655545544545454454344556600000010101007667701001011121221
22344535444544454444446661000000075666677101011111221
2233455445444454444544444546671001000000107666670000110121221
222334653444544444544444444544667001001000000075666670000101102121
2323344445455444544454444544666010000100000756666607001001011112221
23445344545544545454454466600100100101076667000111112221
2224533454544445444444544345567000100000001076567770110121111
2222243455454545444544566600100101076667701111221
223243554454545454444656600010011766670101011121
222223444345455545545455546660011017676700000110112121
2224444454554455454456671010767000001010212221
22223434653544455444445545467767017666660071000011121112121
222222444444545545545455456700011766666000001101112121
234344554455454545445554656700021010011076677721001121221221
22324344445455555454454566600101075666667607010011112121212221
2334445445455454554456700101766666070001011112122221
222222222444444544454544454445445670001000100766566760700010102111
22222223432345545545545545456600011017656666760000010111211
2222234432444555455545554555660001021076666670000010111121221
22222312444454545545454454556600101076666700000010112121
22222345534545555455545554554660000111011176666677000111212121221
222222222322444560766666666665665655332222212212112244555654555555654556660101111117676660700010121212221
222223354444565656555655555565546660002111111112176677001112122221
2222243444677665344546555555555554660001110767001011012112212221
22222224344445556555555555554655466671110210211012176656676000101121122121
2222434566765665656565555321221211211224445555565465446666702107767001011121122121221
22224444434454545545654465532446556660001101000211766566566666700010111121212121221
223353345556555655554655556661011110211767670001102122212221
222323444535454545545554546545456660010111011010765665666667000001101121212212221
23234544444555555455556546600011117666667000101111211212221
22222333445454555545554556700101110766666607171012121221
222223445444455555555555555554554666001010111111117666670000111112121221
222223244456544455654655555555456666170212101177600000110112121221
222222232344454545544454444545444660710001000100765666667670000101121221
222223222243444444654545445544545455660001100110100766667660700000012121
23222324434565545545454454445466601701100010756766670700101121212221
2222222233444545455455454545545554666000101110111766676666770001111212121
2222222233434445554545545545445554667001011101011076666676070000111221
22222222222333445545546545465445455607010011101766666677700011121
222222233555534555554554555365545466700011110121766666660000011111121121
2222322434344555555454545445566000101011007666667670000211122121
222222222344455456554555555465455545566600111011111117666666000001021121121
222222232223323433244456555555565655566566566666600121222221212121111177767767777001
22222223233444435546555456556565660001221211076607070000101
2222222223244465445455454554544554544666000011010110177566667607000102112121
2222222334556007666656555543232221122444344444444446600000000076666666677000010111221
231232223445777576665665656545443222222110124435444453544444466610000010000756566676670000101112121221
22223234345431244544454445444444600000000076665666667667607000100112121221
2222334453434545444545444546600100107657566667666677700010102212112221221
23456555755675555332132212100113444554454444544544446600000100001076666667670001021011122122221
22323434454455445444454444544466000010000765766667670000010011112112221
232223333433545554444444544444454660000000100000075665666667670071767221000212112221
2222333444344443454444454454566610010010100100755465555666770700001000111121
22222445444000765656555555432222212113444544444444454354660100000010000076566566670071001111021121
2224344465553344454454444445444466000010000107665666667700010110111112121
22222222324667665666656656554543322231231221111102444445544445444546600101000765666675667677700101021112221
222234544454554545454466000100110756667010111121
22222245534445546545456600110117666600010211
2234453445555555556001021017660701112121
2224444445555556671177000112121
22222444545554654555600107760010211121
2224322445554545545554660010110176576001011121
24445344554555454566601110111766660011112121
22222444455454555555566001117667000101121221
2223453455455555660011176671011121
2222444435455454556600101766660001021121
23354455554555455546566001111076670000121121221221
2222222434344455555555654555545566000101101210111766670700121121
2222223335445555555545445565566700101121011176666770101122121
222222222344444455556555555555544566070101101111111765766770001212221
22222344465344654555545545325656660010110111176666667001102112121
223232324455455655455454654566607211101107665666666000001212121211221
22223312234546556545554554544545454567600111001010176666660700101212112121
2223224313244555555546545554554555556666001111111111017666676707110211212121
232234444444555555554555566670021102107666760000111121121221
222222244444455555455565446555566711111111111176566667600011122121
222223232444555455545454555660000111110756767000011211
22222232324445554555555545455654566001021011102102107656566677000012112121
22233435354555554654556545465455671721011111021017666607001011211221
231222244354446554545454445445454556600010100100107666676007100111211221
2222233455433554454455445455455556660001110110010176666767000000121122121
222222222232344444545554555455454556666010101011076666676770000101211221
22223343434555554544554454545454465600101010101001075666670000010021102111
222324344444546555544545544545454446600001001010100766656767000011012111212121
2222444444455544544545445445660001010100756676700100111121121
2223444444544545544545545455446660100101101076666667700101011112122121
22222243334444454545454545454545456670101001011010765666656767700000101212121221
2222223333334456607000766665655555543221221111334444454454544544567071000110076666676070000010112121
232334444544544545454545454554544656000001100101101010765666566666770000100111221222122221
2222232233233446545554654455545554556670010111110767667760071001121121
22233343443445555455454554555455566700101111011076666676700000111112121121
222223234443455454554545454545454566607011010100110766676070000110212121
2222233434466545444545455455555601110111001100176666666000101121
2222332446767666656555453232121111234544455545554465460011010110176566666670010012112121
2223334547000766565545443232222211224455455544554555610101001101076576676700001110221
222222334676766565554432212211234455454544544656001011000766666070000102121
22344445454545454545544546660210110010210766667010011012121
22223444446007766656555433221112434544454544556001001010756666607010010211221
2223444445455455545554560101110111017665676001021211
22433444445454555445455600110177670000001011121
22223434344654444545545455601010100076607000001011
2222224376666656554443232222121012444545545445454454560010010001107666676770000102121
22234444444555454554554545556600101110110176676700710112121221
222222234444446555555555545555671011110121076666700001112121
222222343345554555555555556600002211111766667600001112121
222234444445455545554554554666001110101176566770010111121211
22222434434555555556555446560711101176667670110211211221
222235444444545555545555454656710110111766677710110211112211
222244434455555556555555567002211111766667000021112212121
2222233444556555546545555556000021111017676070102121221
222335444454654555455654565467011110076667000111111212211
2222344445435456555555556556555670121121111075676670010111211212211
22222233444556555655555655456566001121111217666677010112121221
2222231333444445544444444446666100007100076567666677001011221
22222222234444354444444353666070000076676666777100121
222222232244444454444434444667700000007666676677001121
222224344444454444444444434466607000000007565665666676000000101211212121
2322444444444444344466000770017656666566677000021212221221
2222234434444544544444434446607000000007565665676607070011011221221
22234334545444444444467700000076665666767000117221222221
222223343244544544444344660700000076665666666667000001210222221
222222222343443445445354444444444600707001000077666666666670070111121
22222222223243443545445443444666000700007666666777000011
222312222232234323444545544444445607000001076666666766077000010
22222223234466766666656666565553323222222212224445545455454545456666601110101011017667666767770000211212212221
22222222333455435545455455543246666666610111100117666676607700001221221
2222222222234456653445444546545445656546566000111121011010756767676000011221
222223223354325445554555545544466666661021111010111766676707707221211
22232222233455076756666655432223222334545554565455554565666000021111110111117667667656566121117000212121
2222222222232322244567666766666656656655333232222222210112224435555545546554555456545666666002110211111110117666667676077070001121221
23223344333445454454545445444544566670010101001100766666766767070000101212122221
3221223445434444544545454543455565566600011010110101176566666677070010000122222221
22222222245666665666565655432222222111112444554454545454545446771010011010766656676700000112212121
22223222457666665665656655553322222122112112224455554545565454554454546660101010101021010217665666666677000021011221212221
23224566766566656656655655332222222212212122245465546545555554554546760101102111011076666666667700001121122212122222221
222222222224445544554555455454554454466700110011011076566666666770010012112122121
22223244334545465455554554554545444656000101001011075666666677700101101121121221221
222346666565655655554332212222212111012245445545455454454545444467701010100010110765656666667700001111111221221
222246565656565556554322222212212221212235555454554455545466601101011010117665665666666666700101111121221121
222323312244555545545565555545555455454665567011101011110766656667701021010111112121212121
222223343434343443443444344444434446666007000000070007007656666677707000011021
2232232343344434344443444444444456700000007000000765666666767700000100121
2222323334344444443443444444344444446666000000000070000070766666667607010000111
22223234334443443434444434354444467000007000700007656666667070000000101
23223233333434443444434444434443444466700070000070070007666657667760700000001021
2222233333343444343443434443443456607000707000700707656566767607070010011
222223323344344343444344434444434567070000070000007756656667770000000001
222233434344434434434434444444444443546770000000000700000075666666777607000001021021
2222223334334434444343444434444444446670000007000007007666666676700700010001
23233434434443343443434434444434444466700000007007000707665566667607000000000100111
222223333434444443433443444344445666700710007007007755666666770700100101021
2222324333444443434344343443444444667000070000700707566676676707071000111
2222222322344445554454545454554546700101011010017656667677000110221
222222233444446565654554555445454566001001011011176676666070111112221
222333222444555654554545455445660010011010110766667670001121221
23223345445444454544445556701010100100176566566666700001121221221
22232431244444544544445445454546566010110100010107566566656676700011011211221
232222134454455355444544554445660000110010001075666667670011121221
2222223432354554544545445445454456600100101010010766666666670000011211221
22222344432444456545454455445445546600010010110017665666676000001011121211
222223433444444454444445344554466000010000000010755566565676700001101011121
22222222343244545454545454545454566001010101017210766666666670000112121
222222343444444545454454455566601101011010176565656666670000110121121
222222233444545454454554445445567001011001001766666676700001121221
2223334444554544545454545454666001101010110075666656760000011110221221
22323334445454554554454544544544466000100010010107666667070070010111212221
2222446666665656655554322221212101222446555554545445445454466001001010001017666666700010121221212221
2222222234466667667566565565543232222221211112324465655555545445545455466010011001101010766666766070011112122221
222222344443554554545544545321245555667000100110011107665666760701001211221
2232445556610075665655545432222121122455545554554543544545666660110101011011107666770001011212121221
222223343434454545544545454445444566601001010100176666657667770001010111121221
22223434445545544454544545324545455660000100011010000756566667660000101012121212121
222322443445665445455454455454554454666011010101010766666776007010001111212222221
232344560776566666566556555543222221210111222444565554545454544566017110002107656666767010010121212212212222221
2222344432213446555555454544543244454466670000010001010107666666660700111121121
222322334446554544454455454554545545660101010110011010107656666677000111111221
222222444323445465454554454545445445454455666011100100101010001107665666676607000101112121221
22223343244454654545545545554545554445660701101011102101076566666677000010111121121221
222222344444544545555445544554545445544566601100101010101101765666666707071101021121112121
2222234345444554456554554555455545545445666000111011101101176656676770001101111211212121
2222334444444555555465455546554555545544544466660001100110101111110766666677000101111121121121221
222334443444454455545545455544544545444666601000101075666667770000001001011111102111121221
22234444444454554554554654544654554545456666011100110111010756666567667000001110210211212112121221
223344332445555455545555455446545454456700002101010110117656656666660700010101111121212121221
22222344344544454545454554545544554545454666001011010101101101010765665667600000000000760224343102112121
2222222333357766676566655565444322222122112124354454454454545454670101001010100756665666667600000011121121
222223233244444545454554545454466710100110107566566656667707010011021121221
2222222223223344444654445554545544544545660000101010101101176566546666676677000101011221
222334444445446544544545435567001001001075666770001011021121
22222222233455544555455465545545546607110101111765675766070001112112121
2222334434354555545545544466600011010766767001001011211
222222233444455456576545555455544456670100110176677010010111212121
22222434432444555554565454455660010111011766666670000002111221
2222223244444445454454544554467010010101010107565655656666607010012112121
2244344447545455455455554546560010210101107656666607001011121122122221
2233444444544545454545455454456700011100110101076565656657700100111211121221
233543344445654455455445325566600010100111766666000000011112121
2223544444454545554545460001010117666666677701012121222221
2235434444555455655555545600101111111117665666666670001212122122221
2224443344455455555555566001211111101117656756665666671012122112221
22234444544555455555555660011121111765666666670102112102121221
22222454445454555556565546607121121112176665665666760011121221212221
2224444445444454554554532656555545670101101111101110756565655665666600011112111211211121
22445443124445556555555554555460001011102111176656666666667011121212121221221
22344444454455454554545555556600112101110101075655665666660111011112102112121
2234445607555565432212212224444544546545465455556610010111011110756666660700101021102121
2222224456765555532221122122444545456545556555565656701121111111176576070010110211
223434334555556555654555446600010011100010100012110
222345444454545454554545566660102100111076700011011121
2232334445554455546544546545655466700021111101101117665607101011121
222344344445454545545455545556071011101011017656667000011111211
2222446566532234445545545455555666711101121076670001101012121
321234312344454554555545545446545556656700010211111011766677700010102121221
22233334445455454545545555566661011101101176567000001110111
222243333435445445454545455566600011111010017655665667000001110111
22222323434454454545454454554545660000010110100110756666667700011022121
2233553346545545445445444454567001000010001766666600701021112121221
2222234455444444545444544446667100010010100766667000121021
23223454444554554545454454454666000011001010110076566760000111212221
222343445454554545454445445456600010001100100756760701101211121
22344324444544544454454546600001001076556666770000110121021221
2234445444345654554544554566000101017666670000112110211121
222224345544535545454544544556661001010101075666667000101211021121
222223444444544544544454544666000101007656567660007011101112121
2334444554454454544544455670001001076677000010211121121
232344444545454544545445444666000001100176666666700001011211212121
22333344544545454544545445454567001001010107665666670700010112102121211
22223222224444445445444544444544454446670001000010007666676770700001012121
2222232333445545444445444454444445466670100100001000007566667600700001011221
22334443545555544544545445354545667001010001010017666767700010111122212221
232213444554445445454445445454454456700000110010010766666670001000111121221
23233445554545444454545445454545667010101010101007666670700701011212221221
222222333344544455444544445445444445667001010000100001766666677000001010211
2222323122344544544444445445454444544456670100010010001007556656667667700010101111121
2222223123444544454544544554444544544556701000100010100176666666676700001101121221
322212434544454554455445454455444545660000011001010107676666770000011112122221
22232431223454545544545544544545454545660000101010100101076566667707001011211221
2222222223354535445445445445454454545535656770221001002171101711765666670700001010111
22223234433454454554444444444444566000000100000107566666766700001001021121
222322344444545544544545444466600100010101007665676770001112221
222324444445454544454444544432454566600000100000100100076666676000110112221
222222233353444454554454454445466600010011010766666666677000001112121
2232234366666543212243454454444454345545446660000010010001765656666677070001001111212221
312233443337544545444455445346660000110010100710100775666755345432313656676701001010221
222223324344444444444453444566600001000001766565667667000000102121
2222332434343112444455454444545444434666700001001001075656666566676777000100111021221
222233476665656555554432222211211112345454544454454544456671001010001076656666767000010121021121
22222223435444445445445444544445466600101001000017665665666676070010111111221
222222234344566000766665656565554332322322212212211101244445545544544434554666701000011007666567566766770700010111221221
222222223344445444454544545354454455670010001100107666575667670700001011121221
22222343444555455454546545554545670010111021017666670710101111121
222222224434546655555654555555555654565465670111121021111111766070011002111221
222333443324465454554554555455545454567010021010110111010756565666767070010110211112221
222222435454554554554555555455554656601011111102110107565666667000111021121121221
2232323445444655455544545554555446566001011011011011017656656667007602111111221221
2232322345535545445545544545545545566171101011010110017666666677007122101212121
22222323332234555455454545545445454454566000100110010101076565666666777700101001212121221
22233321224445555654555455455554654555600011011110210176666767000011102122121
222223433446545555545454654555454545466710101011101021076657670000110121021121
222222222335354455555554555654556545566601021021111117666566676700100011112121221
2324335444454545545455545555554545546670110021101210111010176565656567667000001011012112212212221
2222222222232234454600766756667656665654433231222212224445545445455444545454466600100100110010010117665666767760070101212221
2222222222232223334444556000177766507666666554433332322332222245455445445544545456700100101010011077676767767707000101
222334343443222345554454444444544667010001000000107666766767070010121
2222323444444445654454554454455666001101100010176767670000111221
222222222444654535455555455544555455660001110110101176666767001011121221
222222223344454460000766765665544432332134454545454445667010100101076767070000102121
222222322345655444444434465544545454546546670110110010011001000766676700001121
232444555332122444554545545445434565600000100010101076567677000011111221
23123222233234444444443545444454544444446667001000100100765666766676777000000001110221
222222233444467076756543333122244444445444444454566001000001000017666776070700011
2222232234434444345454554454544544666001001001010107576077070000010
22222323444445654545555455465455546670101011101111766656766070110112121221
22222222224345344554654555545545554546607010110110117666676070100111121
2222323443244554545554655455555466670111011111111766656666667701001112122221
22233344454554445545555554545566600011011111176566770001001102111221
222224444444544555455555554544666600101011111766666770000111211221221
2222223334454565455554555555654467710111111176566666677001010022112122221
22222223444454454555445556545455670001110176566670000010111112121
2222233445600766566565555532222122122134455544555535555654666000101111111176656666760000110112121221
22222222343454444465454554545544455660000011011107665656566767000001001112121221
2222233444444555455545554555456660010110210176656666770000010111212122221
222222334444545455445554555454554466700100111010211017665666666700001111121221
234454444565454555554545556771011021121766566666770010101212122121222221
223234444454554545545455445466701010101101076667000101012121
222222344444455545455455454455544446560000010101011001111075665666666670010210212112221
2223234344555455546554455544554660001001101110111766666700011310121
222233224444545545455445454545445660001010010101017665676700100111121
222232323444555454555454544567001001107666670000001011221
222232324345545554545455454545600010101007566766070010101112121
22223343444556555455445454455567011001010766666700100102101211221
222222433244545554544554544554567010117110176566666700010110210121
2222222324334554546554554445444456600000010010766777001001111
22232343344445545545454455454544556700011010101017666667770001011111121
322132233444555555555554556610101111176666766677100112122221
2222222232244444655565554555455466001011101767667670001121221
222222323444313455555555545565466661112101111177576667670700112221
222222334344454545454554545545456710110101101765666766707000101112121
2222223334324456545545555444666010011111007665677666000012211
223222334434555565456555455556601101121017666131221112121077666666666656665655543232246676760010012121212222221
22222434432345455454545545465601101011010766666666070000112121
222222344666675666656656654533222246766660000021121212221
2223444324445655544545444466100000110076666676760010121212221
31222322333334575545456546555454660001111176666677670000100212221
22222224366766566665656543222222222121224465555555555554667111021102111766666666771011212221
2334446556766555554322221222223444444444454454444544445466607000001000010001001076666666676070000102110121212221
2322344444544455532213444444454445444544544544566700000010010010001007657666676770070001101111212121
232244444444444444444454444544444444453312466666660000000017100010076556656666770000100100111101121121
2222333443344345445454444444444454444310245454566700000000001000007665666767000000076021010101111
22222233334435445454445444444444444656700000000100010765666576660700010000111121
22233334345676600765545544544432121012433444444443444544444444666600000001710000000765666676700000710101111111
22223233444444445554566666662212121011000007765544443446777000000101
2232344444445670000755554545443212221122234344444444444444444446666700001700000000076656666676070000101010111211
222334434444444344444444444544444444466660001000001000007556656666660700000010001101101211
2222434444445700007546554544432321212101234444444444444454444544444466660001000100000000100075666666776700000101102110
22224444454554431243354444454444445444444556700000001000001001007656656666670000101011111111
222222433444454465544344444544445454544544544666660010101010011000011000766766667707001101121121
2222324344445445544555445445454666100101010010756666700000101011211
222223234444454455444544544545446660001001017101076566666670701011121121
22224344444445455454545544545566601010110101017666666770010111212121
22223344454444544544544454445446660001000101000100756666667000011112121
22224343444455545545554545545566601110101101766666700010111111121
2223344444444454566554454554454456660100101010766676070001011111112121
23233244444545455455454545455444666600111001101001107656676071001010211221
2222344444434554555454555454545466661010101011011076666667000102110211211
222223444434545465565454455445544455566661101010101101001766656666600010111111212121
2222233444445455454555455454554556660101101110101017666660701010111121
2222343444444455555545555455465455567010210111110110176666666071001111211211
222234344445545554455545455545666010110101101766770010102110211
2222232254454445444445445444444544566000100001000010007566667070010102121
2223235344544455444544445454456700101000001017656666707001002112211
222222344444544544444544444445667000100010000075656667700010111221
2224346654454445444544444445446670101000000076676000001110212221
223343445445444444445444444666000000100000075666760000001111221
22224533454454434444544445366667021707310010075666676001001101211
222344444444454444444546600000100007666700011011
224344444445444544444454466000000100007666660000010112121
222324444444544544444444445444666000010000007567667070001010112121
2244344455445544444544544667010000100107666000001111221
2222334444454445444444436666000001000076667070100121
222343455454544454445466000001000766670001112121
2222232443224345444545444545454454455666611001001010100176566666666677007101011212121
22234333444454444444445445544660710010001100075466566667070000110102121
22234455322234444444444454445445670001000100007556565760070000010021111
22222444334444444454545455555670100111011010765656656666676000111121021221
2223234444310222344454555455666676666667670700010011112211
222333324444444444444454653254444667001710000107656566666760700001001112111
2222344533444444444444444654444556070110001001000007565656666770710101112121
2222243567656656565565545332232121211110224444445454365454454545456600010100100111075566666666777000101012112121221
2222234544344444445444445444544546607001010010000100755565656760700001011112211
22222243566665666555653222221211212244345444544555465546566600110211011107656656666660700001111212121
222324435431223444545546554655465465555554555561000101110111021011766676676700000011121122221
22233334332324344445454444344445445670000000000076766676766700700010010121
24444470000
2222233444555435465445454545543245666660001001110021076656666666766770011111212212122221
22222222232434444445544554445445444345446660000001000076665666676777000000101102112121
222222333444444453224454444444454444556000000001001766666666676777000000001111221
2222322344445445435544545454444666710001010177666666676000000111212121
22222222333444455453244444444444445446660000000100000176666666566766770001011012121
22223224333444454344545544455454454454445466700010010010101001107665666656666676607001001011211121221
222222334344444555443244345445444454455444566071001000101010010075665676665676670700001010211211211
2222323334444454544444544545444544456660001000110007665667677700000010101111221
222233344445555546544444544445466660000001001766667677000010112121212221
2232344444545444544545454454666001001101001076666760000001112221
222223334454545454545545455456000010110101176566767000001012221
22223344445554545454545545454666000110110101107566670701001121221
22222334312444554554554545456600011001176666567770101021121
222222344311234545554454554454545455560000111001010176657577667070011121221
222223344444454545544545454456600001010176666677070001011112221
222222243344554554545454545446660001010100176667670001102121
23234343444454444444445444446700000000000767676007010100121
22222223234444454455445454544656701100101101076666666770001121
2223334444554554545454554566000110110011766666660000011211221
2232234443445555454545454554545660001101010101076666676700010112121221
2222223434544555454554555456660011101110765766070010111221
2222444433445556554555455555455546667012101111110117676607000102102121221
222223444443454555555455545554555670010210111111176666700000001111221
2222233443444555465454555554555545667011101111021017656676700010011112211
2243444543455555455544654556607111102101776677000101121122221
222222444444345465565455555554654556600011111107677000010111121121
222234444607766556554545432222121212111112345555555554555455545465454666661011110111110176666607000100110112121
222333443444455545455454554545545667011011011017665667667700710010111211212221
22222323434546535455454545545454555660010101110176667670700010011121121
222222343543354545454545545545454566600011101011011017666667700000012121
22233434443445654655654654654655566666211111111776677171010111121221
